1626	1
5169	2
3012	3
7231	4
5639	5
1113	6
7475	7
7243	8
3053	9
8168	10
4264	11
6760	12
2764	13
3132	14
9600	15
3991	16
4710	17
877	18
2134	19
7212	20
4146	21
8699	22
4424	23
7178	24
817	25
2048	26
2415	27
3524	28
2395	29
6974	30
4241	31
1500	32
435	33
8284	34
2911	35
4507	36
3696	37
9166	38
5699	39
4188	40
6703	41
3307	42
8101	43
4137	44
1355	45
5734	46
5208	47
4958	48
4929	49
8297	50
5875	51
8717	52
7443	53
2787	54
9328	55
8220	56
7142	57
2533	58
2378	59
2617	60
4114	61
1097	62
4694	63
6498	64
1177	65
3492	66
5661	67
7000	68
1752	69
4394	70
7507	71
1507	72
9181	73
858	74
4068	75
8474	76
5206	77
723	78
8909	79
3933	80
3151	81
7848	82
9457	83
760	84
320	85
6906	86
1229	87
3032	88
5435	89
7807	90
6640	91
3205	92
5248	93
9654	94
6903	95
5372	96
2633	97
7354	98
6082	99
1653	100
2462	101
8822	102
151	103
4272	104
6985	105
4728	106
3704	107
1637	108
9065	109
5716	110
9750	111
4183	112
9630	113
5594	114
7001	115
8854	116
7845	117
1677	118
9701	119
6228	120
7400	121
7466	122
8905	123
9895	124
5553	125
6871	126
7799	127
4667	128
4275	129
4285	130
4475	131
1736	132
2975	133
3243	134
599	135
5833	136
6900	137
1213	138
5555	139
6121	140
6962	141
8970	142
51	143
3377	144
2756	145
1502	146
2075	147
9282	148
9112	149
6699	150
6111	151
5937	152
6146	153
8221	154
3218	155
2278	156
8345	157
4631	158
3148	159
6633	160
2147	161
8037	162
4683	163
5207	164
2135	165
9445	166
6800	167
2437	168
643	169
2146	170
2238	171
3976	172
2483	173
2834	174
5650	175
4540	176
8085	177
2174	178
2690	179
729	180
9700	181
3353	182
7984	183
6986	184
1005	185
8761	186
7611	187
6740	188
879	189
1993	190
9538	191
857	192
8464	193
9478	194
4681	195
978	196
2282	197
4095	198
5244	199
5230	200
6827	201
6178	202
2370	203
6775	204
7104	205
6316	206
7542	207
8207	208
9485	209
6016	210
6460	211
101	212
1138	213
5742	214
849	215
4032	216
5813	217
9229	218
221	219
1805	220
8324	221
2234	222
7344	223
5541	224
6548	225
1597	226
8684	227
1346	228
9877	229
8540	230
9092	231
2735	232
938	233
5920	234
1779	235
1948	236
7224	237
2847	238
3143	239
966	240
3659	241
4063	242
5326	243
16	244
1781	245
3875	246
2230	247
5238	248
1835	249
4767	250
944	251
7312	252
2719	253
3872	254
6707	255
9351	256
8554	257
9289	258
4685	259
5982	260
7173	261
3613	262
635	263
4571	264
469	265
5255	266
8356	267
5164	268
9707	269
7986	270
6668	271
7111	272
2448	273
4313	274
7126	275
5917	276
1395	277
1819	278
8997	279
7408	280
714	281
8779	282
1894	283
8866	284
9871	285
346	286
4863	287
3240	288
1009	289
5823	290
6263	291
5800	292
1854	293
3657	294
5932	295
7308	296
5247	297
7256	298
6933	299
9489	300
3952	301
7826	302
8927	303
6269	304
4263	305
3500	306
744	307
4641	308
4867	309
7842	310
6627	311
1820	312
3653	313
4218	314
3332	315
482	316
523	317
9672	318
5579	319
6094	320
738	321
6712	322
7920	323
6909	324
5196	325
6307	326
8415	327
36	328
7325	329
2449	330
8504	331
6950	332
5144	333
191	334
2806	335
7783	336
3296	337
7557	338
4580	339
2654	340
3629	341
3970	342
5760	343
6392	344
6273	345
6070	346
4487	347
8847	348
6541	349
7572	350
9569	351
987	352
3597	353
338	354
9248	355
1305	356
696	357
5895	358
1396	359
8611	360
5000	361
1999	362
2086	363
9148	364
2682	365
9152	366
177	367
4735	368
8265	369
9144	370
8080	371
6422	372
6566	373
65	374
3252	375
4047	376
5809	377
3022	378
3662	379
5161	380
9901	381
8937	382
1165	383
7638	384
6753	385
4984	386
1522	387
1877	388
1335	389
8466	390
325	391
7370	392
4716	393
3214	394
8239	395
4213	396
1050	397
5529	398
4236	399
1699	400
5036	401
6989	402
9263	403
5743	404
4397	405
3736	406
6244	407
2728	408
1101	409
3640	410
7847	411
9599	412
7234	413
2161	414
8839	415
3835	416
6523	417
7967	418
1704	419
3691	420
4013	421
7038	422
5596	423
1127	424
9773	425
2509	426
2944	427
7694	428
6781	429
4433	430
6525	431
4500	432
1159	433
4655	434
8400	435
8261	436
4195	437
9336	438
4905	439
2813	440
6643	441
6042	442
125	443
8398	444
2818	445
9534	446
3624	447
9878	448
5170	449
7054	450
8754	451
6247	452
4727	453
1652	454
728	455
5231	456
6441	457
681	458
2574	459
7579	460
6952	461
7336	462
8212	463
4409	464
934	465
6291	466
4201	467
5562	468
8240	469
2438	470
6996	471
7701	472
7903	473
504	474
1392	475
5354	476
8651	477
3274	478
5118	479
1338	480
1913	481
3171	482
4640	483
6004	484
4944	485
3504	486
6475	487
5702	488
3383	489
3710	490
9032	491
4262	492
5849	493
5652	494
2145	495
7526	496
1603	497
9310	498
2373	499
8807	500
8844	501
6105	502
9872	503
596	504
2166	505
8969	506
1898	507
6792	508
7218	509
2714	510
2636	511
3905	512
9797	513
7112	514
529	515
7484	516
6723	517
2375	518
4903	519
1024	520
4330	521
8551	522
450	523
4061	524
4630	525
3338	526
947	527
5240	528
5336	529
9571	530
9556	531
4897	532
3118	533
1944	534
7184	535
4120	536
2958	537
7935	538
2921	539
6738	540
7138	541
7060	542
3838	543
4108	544
8963	545
3541	546
1170	547
4121	548
4243	549
1581	550
927	551
6327	552
2720	553
5888	554
9827	555
9928	556
1644	557
533	558
2117	559
7339	560
2104	561
1016	562
6929	563
1190	564
9776	565
628	566
2267	567
5333	568
7792	569
7618	570
4235	571
4993	572
7410	573
2868	574
1520	575
6164	576
2898	577
458	578
5790	579
2895	580
6351	581
6743	582
7027	583
8826	584
7257	585
1413	586
9261	587
3727	588
8605	589
3477	590
259	591
8283	592
6509	593
1278	594
8652	595
7674	596
8144	597
2441	598
2870	599
7958	600
941	601
6143	602
8579	603
5561	604
1066	605
6973	606
7822	607
3114	608
2616	609
7753	610
4005	611
6582	612
7818	613
9165	614
1260	615
2727	616
367	617
9516	618
2623	619
8138	620
3863	621
5542	622
4020	623
525	624
3739	625
7971	626
49	627
6490	628
559	629
7119	630
5728	631
9471	632
4097	633
6380	634
1193	635
2550	636
2983	637
8006	638
2504	639
33	640
3233	641
1961	642
9337	643
3790	644
915	645
8591	646
5319	647
5502	648
4719	649
4464	650
5154	651
6839	652
3601	653
1623	654
1510	655
5543	656
5171	657
7872	658
7399	659
3478	660
9317	661
2293	662
6035	663
1985	664
5364	665
9110	666
7781	667
5819	668
2103	669
3092	670
2822	671
311	672
7550	673
9155	674
5223	675
7760	676
5907	677
1370	678
8902	679
7810	680
3091	681
3256	682
896	683
1817	684
9889	685
9882	686
4483	687
7146	688
4305	689
1547	690
4693	691
2852	692
1414	693
9530	694
2284	695
1876	696
3226	697
4936	698
1174	699
9365	700
3025	701
4857	702
7277	703
5831	704
2316	705
8229	706
1531	707
4811	708
7874	709
4744	710
2892	711
4565	712
8218	713
9214	714
8503	715
4950	716
4482	717
741	718
5352	719
4451	720
8189	721
1907	722
8465	723
7242	724
8496	725
4406	726
4295	727
2503	728
3543	729
7261	730
9680	731
4619	732
3455	733
8533	734
5406	735
2947	736
7720	737
6081	738
2777	739
5884	740
4670	741
2411	742
1058	743
7581	744
2596	745
6583	746
2397	747
150	748
38	749
7855	750
6700	751
5424	752
1418	753
6196	754
7157	755
6358	756
1401	757
5696	758
793	759
9743	760
498	761
109	762
2990	763
3579	764
7356	765
541	766
2794	767
2459	768
9757	769
8242	770
638	771
3212	772
7330	773
1591	774
8421	775
2305	776
3632	777
9698	778
3077	779
6998	780
1037	781
3433	782
4344	783
2289	784
3157	785
3852	786
1155	787
3135	788
8217	789
7814	790
4722	791
8331	792
5792	793
2434	794
8077	795
6789	796
5781	797
7260	798
8082	799
7644	800
7551	801
3675	802
2953	803
6843	804
1891	805
8735	806
7793	807
8607	808
6215	809
9855	810
9755	811
4100	812
3570	813
6029	814
6026	815
9265	816
266	817
3618	818
8529	819
8109	820
6391	821
4075	822
5322	823
4752	824
6518	825
5638	826
5701	827
6847	828
2877	829
2252	830
6602	831
5752	832
1884	833
6102	834
3882	835
8571	836
5773	837
9237	838
54	839
2354	840
990	841
2514	842
3810	843
3544	844
924	845
1955	846
8764	847
8986	848
2008	849
2107	850
8275	851
6510	852
7425	853
6230	854
3116	855
7042	856
2409	857
4380	858
1919	859
780	860
6084	861
47	862
922	863
9446	864
9015	865
7928	866
5185	867
7106	868
6003	869
2419	870
8424	871
8900	872
505	873
381	874
5547	875
3793	876
301	877
2335	878
7873	879
3900	880
8569	881
5799	882
2883	883
6373	884
805	885
2423	886
9153	887
5344	888
2641	889
6118	890
6225	891
5478	892
7063	893
4411	894
5307	895
3309	896
6333	897
584	898
8988	899
2004	900
1218	901
1342	902
6390	903
2402	904
74	905
2318	906
703	907
7282	908
2793	909
1197	910
3406	911
111	912
6086	913
6823	914
8442	915
1276	916
9451	917
1720	918
9277	919
4327	920
6360	921
5921	922
2588	923
3721	924
7445	925
7394	926
8669	927
3646	928
2231	929
4375	930
264	931
4210	932
9499	933
5241	934
8852	935
2845	936
1951	937
2125	938
6189	939
9072	940
2674	941
4534	942
2428	943
7352	944
1946	945
6646	946
9421	947
4092	948
6190	949
3254	950
7081	951
1611	952
1562	953
3088	954
4651	955
6547	956
7734	957
946	958
4552	959
7571	960
5299	961
6255	962
2746	963
1687	964
847	965
9570	966
9751	967
7405	968
3108	969
2934	970
972	971
7375	972
5427	973
2129	974
8828	975
5039	976
6158	977
161	978
4674	979
8691	980
8245	981
9000	982
7185	983
2015	984
2902	985
2144	986
3001	987
1868	988
5885	989
3521	990
6650	991
1442	992
6335	993
4228	994
98	995
5530	996
1	997
7901	998
4741	999
6236	1000
8780	1001
1606	1002
1909	1003
5104	1004
6741	1005
7148	1006
4629	1007
3841	1008
698	1009
5475	1010
9642	1011
3988	1012
5580	1013
4887	1014
1632	1015
7314	1016
3652	1017
1404	1018
495	1019
9925	1020
5943	1021
2945	1022
4486	1023
3414	1024
8148	1025
2797	1026
4410	1027
3503	1028
8645	1029
3536	1030
6179	1031
8260	1032
5180	1033
5674	1034
2456	1035
143	1036
169	1037
907	1038
4133	1039
5911	1040
517	1041
127	1042
5515	1043
4623	1044
9809	1045
6073	1046
8426	1047
8111	1048
3074	1049
4214	1050
3914	1051
676	1052
3966	1053
4270	1054
519	1055
997	1056
5099	1057
5576	1058
160	1059
3385	1060
8514	1061
4347	1062
7985	1063
130	1064
80	1065
5767	1066
7094	1067
3465	1068
2272	1069
9041	1070
2304	1071
13	1072
6675	1073
4591	1074
6089	1075
9616	1076
7495	1077
4627	1078
4971	1079
3973	1080
396	1081
9426	1082
918	1083
6501	1084
3593	1085
8953	1086
7189	1087
5889	1088
630	1089
359	1090
3194	1091
804	1092
4649	1093
9803	1094
2820	1095
4426	1096
1107	1097
3893	1098
6819	1099
1	1100
8170	1101
5711	1102
3282	1103
1988	1104
9408	1105
826	1106
5815	1107
4027	1108
6596	1109
443	1110
9278	1111
8143	1112
9490	1113
9096	1114
2627	1115
6385	1116
5653	1117
2426	1118
6059	1119
8417	1120
8916	1121
9291	1122
5898	1123
6936	1124
7721	1125
3828	1126
4626	1127
5726	1128
5630	1129
7622	1130
548	1131
2102	1132
7998	1133
1234	1134
3749	1135
7540	1136
5147	1137
509	1138
2603	1139
8863	1140
2706	1141
7510	1142
1459	1143
7428	1144
3865	1145
9452	1146
7414	1147
571	1148
1311	1149
926	1150
7163	1151
908	1152
7468	1153
8810	1154
2207	1155
515	1156
8350	1157
2708	1158
4445	1159
535	1160
7433	1161
960	1162
935	1163
3708	1164
5622	1165
345	1166
653	1167
6346	1168
7470	1169
4164	1170
2738	1171
695	1172
808	1173
8962	1174
3273	1175
7342	1176
4525	1177
3880	1178
7655	1179
7680	1180
7369	1181
7497	1182
2867	1183
3044	1184
5455	1185
6404	1186
2779	1187
3109	1188
4775	1189
8334	1190
3262	1191
3668	1192
3730	1193
3097	1194
4462	1195
3923	1196
2810	1197
5771	1198
258	1199
4692	1200
6652	1201
2443	1202
6715	1203
2886	1204
9388	1205
7867	1206
2739	1207
5265	1208
1083	1209
8231	1210
9572	1211
5617	1212
1488	1213
1128	1214
6216	1215
2197	1216
3715	1217
5869	1218
6527	1219
6681	1220
2522	1221
8996	1222
6056	1223
4135	1224
3031	1225
1460	1226
18	1227
6980	1228
6363	1229
2192	1230
1649	1231
3206	1232
3718	1233
1254	1234
4297	1235
4193	1236
8236	1237
2835	1238
5750	1239
4403	1240
3703	1241
2020	1242
4023	1243
9133	1244
4202	1245
3297	1246
2490	1247
2005	1248
5387	1249
7586	1250
8332	1251
9488	1252
223	1253
5923	1254
2037	1255
5263	1256
2342	1257
4613	1258
9917	1259
6175	1260
8362	1261
6639	1262
9713	1263
5772	1264
2593	1265
913	1266
3024	1267
6685	1268
2700	1269
1543	1270
2801	1271
8375	1272
8378	1273
5056	1274
8946	1275
3259	1276
2115	1277
4084	1278
5193	1279
3948	1280
8868	1281
1842	1282
9183	1283
8989	1284
521	1285
7726	1286
9087	1287
9199	1288
5775	1289
6267	1290
7424	1291
4650	1292
1030	1293
3785	1294
2497	1295
1494	1296
285	1297
7197	1298
9946	1299
8055	1300
7248	1301
8374	1302
4125	1303
2705	1304
6897	1305
1026	1306
24	1307
1199	1308
6420	1309
5508	1310
8614	1311
4538	1312
8850	1313
7993	1314
9107	1315
786	1316
6888	1317
6615	1318
2110	1319
4189	1320
3770	1321
963	1322
6585	1323
7746	1324
6182	1325
7046	1326
8541	1327
1731	1328
4242	1329
5840	1330
7099	1331
7804	1332
3779	1333
8171	1334
1540	1335
1806	1336
9448	1337
5226	1338
413	1339
4122	1340
8648	1341
4607	1342
1933	1343
6837	1344
6046	1345
1112	1346
1003	1347
8672	1348
1144	1349
601	1350
7379	1351
3946	1352
4646	1353
5167	1354
5200	1355
3076	1356
6197	1357
1545	1358
1239	1359
9207	1360
5353	1361
432	1362
1634	1363
6669	1364
5924	1365
3817	1366
4279	1367
7511	1368
5288	1369
2643	1370
1282	1371
5850	1372
2308	1373
1782	1374
2292	1375
9671	1376
7504	1377
4059	1378
8883	1379
1719	1380
9567	1381
3411	1382
1132	1383
3323	1384
8320	1385
5997	1386
4870	1387
3366	1388
2362	1389
2726	1390
7868	1391
6152	1392
7128	1393
6313	1394
8001	1395
6262	1396
8557	1397
7787	1398
7933	1399
3251	1400
1771	1401
7403	1402
3682	1403
2486	1404
9762	1405
5931	1406
6065	1407
3049	1408
4715	1409
6739	1410
5481	1411
9546	1412
4679	1413
8587	1414
813	1415
6374	1416
2723	1417
9537	1418
5955	1419
8373	1420
5463	1421
2681	1422
2500	1423
7600	1424
6861	1425
4489	1426
7503	1427
231	1428
9447	1429
1306	1430
7802	1431
2083	1432
5676	1433
4360	1434
2712	1435
2244	1436
5348	1437
5178	1438
1291	1439
3093	1440
4524	1441
3660	1442
9346	1443
7151	1444
336	1445
5071	1446
5016	1447
64	1448
5295	1449
295	1450
6134	1451
268	1452
9769	1453
778	1454
2926	1455
8005	1456
6160	1457
9374	1458
3086	1459
1837	1460
8521	1461
433	1462
7757	1463
9594	1464
313	1465
6813	1466
985	1467
5501	1468
9007	1469
1553	1470
8268	1471
8721	1472
1243	1473
85	1474
46	1475
6562	1476
7719	1477
8078	1478
7629	1479
353	1480
7871	1481
424	1482
9395	1483
9071	1484
6887	1485
8677	1486
9585	1487
4418	1488
9269	1489
9319	1490
4082	1491
7311	1492
1604	1493
1745	1494
6283	1495
9933	1496
8481	1497
8187	1498
3765	1499
4826	1500
3947	1501
702	1502
3867	1503
2672	1504
6386	1505
7098	1506
7474	1507
7368	1508
2698	1509
9427	1510
8206	1511
4029	1512
8416	1513
3965	1514
4336	1515
1889	1516
2260	1517
4668	1518
9541	1519
5637	1520
4955	1521
9760	1522
6071	1523
4621	1524
3040	1525
9858	1526
6969	1527
7519	1528
2913	1529
9728	1530
3883	1531
1740	1532
1715	1533
5683	1534
4568	1535
4352	1536
6757	1537
3303	1538
9358	1539
973	1540
8790	1541
2556	1542
2762	1543
4254	1544
2158	1545
713	1546
1651	1547
5048	1548
6634	1549
2583	1550
3939	1551
6825	1552
6298	1553
2788	1554
765	1555
2578	1556
8641	1557
4149	1558
4589	1559
2795	1560
7898	1561
4893	1562
7183	1563
617	1564
6810	1565
307	1566
27	1567
5628	1568
1347	1569
2792	1570
6274	1571
4962	1572
261	1573
1189	1574
9781	1575
3349	1576
5214	1577
9038	1578
7332	1579
1142	1580
2374	1581
7278	1582
4974	1583
1724	1584
8215	1585
3884	1586
9292	1587
9787	1588
4760	1589
2784	1590
7274	1591
6085	1592
6572	1593
5334	1594
7560	1595
3229	1596
2011	1597
9473	1598
8012	1599
8044	1600
7567	1601
3798	1602
4309	1603
8360	1604
2955	1605
959	1606
2658	1607
9014	1608
3583	1609
2017	1610
3291	1611
4834	1612
8638	1613
5262	1614
8870	1615
1706	1616
7974	1617
8323	1618
2998	1619
5575	1620
41	1621
2127	1622
25	1623
5796	1624
8422	1625
4045	1626
9372	1627
8572	1628
1086	1629
4232	1630
6219	1631
1295	1632
5747	1633
7812	1634
1776	1635
6359	1636
7715	1637
6011	1638
6077	1639
120	1640
7082	1641
7946	1642
7828	1643
1406	1644
5129	1645
6529	1646
5863	1647
4179	1648
4116	1649
8467	1650
8319	1651
3641	1652
4471	1653
282	1654
350	1655
7195	1656
3823	1657
7835	1658
2194	1659
7649	1660
5425	1661
6012	1662
5705	1663
9206	1664
1600	1665
2184	1666
2841	1667
3818	1668
7962	1669
8658	1670
1821	1671
3201	1672
8137	1673
2790	1674
6448	1675
7604	1676
9661	1677
8771	1678
5816	1679
5152	1680
2498	1681
3903	1682
7172	1683
1662	1684
2122	1685
7952	1686
8114	1687
3145	1688
1587	1689
7515	1690
1409	1691
4127	1692
1572	1693
9227	1694
8877	1695
7265	1696
5706	1697
3336	1698
4384	1699
6112	1700
799	1701
8308	1702
6977	1703
11	1704
7749	1705
864	1706
512	1707
5369	1708
2676	1709
2387	1710
578	1711
8792	1712
8634	1713
3984	1714
192	1715
6589	1716
5044	1717
2059	1718
5959	1719
5591	1720
8612	1721
9591	1722
3267	1723
641	1724
4167	1725
8407	1726
7731	1727
1244	1728
4062	1729
6908	1730
9691	1731
9686	1732
2874	1733
1618	1734
7988	1735
6570	1736
9912	1737
8526	1738
4107	1739
7917	1740
7049	1741
2530	1742
228	1743
6323	1744
4572	1745
3674	1746
2154	1747
4371	1748
2277	1749
6020	1750
3436	1751
9198	1752
547	1753
790	1754
4919	1755
4281	1756
4605	1757
9657	1758
825	1759
5986	1760
6653	1761
5296	1762
8770	1763
4526	1764
5320	1765
8596	1766
8974	1767
8209	1768
4221	1769
6325	1770
4860	1771
1691	1772
3599	1773
5031	1774
2262	1775
1523	1776
218	1777
7164	1778
7521	1779
6727	1780
6037	1781
1257	1782
4664	1783
4170	1784
850	1785
7512	1786
2615	1787
4586	1788
6794	1789
2416	1790
1015	1791
6173	1792
2210	1793
2825	1794
9070	1795
2439	1796
2966	1797
3181	1798
6706	1799
6910	1800
5113	1801
5376	1802
1121	1803
1669	1804
1153	1805
5621	1806
6671	1807
5377	1808
3806	1809
8121	1810
1703	1811
3763	1812
1352	1813
9083	1814
8888	1815
3634	1816
2694	1817
3495	1818
464	1819
1925	1820
8475	1821
8646	1822
7879	1823
9194	1824
5694	1825
1628	1826
4558	1827
5106	1828
176	1829
8590	1830
616	1831
4098	1832
4611	1833
5573	1834
9271	1835
939	1836
3827	1837
8354	1838
8199	1839
4902	1840
3531	1841
6276	1842
8568	1843
2671	1844
7775	1845
9094	1846
8058	1847
3380	1848
8753	1849
9113	1850
3658	1851
1372	1852
2914	1853
8051	1854
8733	1855
341	1856
7145	1857
9802	1858
108	1859
2072	1860
3396	1861
1093	1862
7485	1863
5124	1864
3237	1865
6142	1866
2273	1867
9619	1868
3622	1869
4112	1870
1008	1871
5221	1872
4756	1873
9820	1874
1982	1875
9162	1876
2594	1877
9363	1878
170	1879
6408	1880
9601	1881
2398	1882
7298	1883
7937	1884
1028	1885
6683	1886
3100	1887
8928	1888
5397	1889
9800	1890
2191	1891
6513	1892
4799	1893
8811	1894
5517	1895
1612	1896
9524	1897
9314	1898
9770	1899
20	1900
6438	1901
646	1902
5718	1903
4372	1904
5909	1905
3644	1906
8855	1907
1139	1908
8139	1909
7959	1910
5887	1911
2420	1912
4307	1913
2525	1914
1526	1915
2626	1916
5769	1917
7116	1918
399	1919
4399	1920
9031	1921
5236	1922
8146	1923
7268	1924
5343	1925
5054	1926
8262	1927
2052	1928
9188	1929
5879	1930
3595	1931
1027	1932
3843	1933
8635	1934
3781	1935
6002	1936
5857	1937
1763	1938
1885	1939
1371	1940
2094	1941
4096	1942
3215	1943
2516	1944
1261	1945
3802	1946
6015	1947
5557	1948
2317	1949
1123	1950
6261	1951
3650	1952
5458	1953
197	1954
6981	1955
3345	1956
5487	1957
3364	1958
8160	1959
2068	1960
3183	1961
4996	1962
6326	1963
3164	1964
1670	1965
4963	1966
420	1967
2132	1968
7537	1969
5043	1970
3301	1971
9315	1972
942	1973
9938	1974
931	1975
6873	1976
2725	1977
1683	1978
73	1979
2300	1980
2224	1981
5945	1982
7391	1983
8678	1984
9262	1985
984	1986
52	1987
78	1988
5755	1989
7472	1990
3420	1991
8548	1992
2733	1993
4441	1994
9203	1995
8000	1996
7888	1997
1734	1998
6353	1999
1345	2000
2199	2001
5499	2002
8233	2003
2259	2004
1038	2005
4274	2006
9801	2007
7714	2008
9159	2009
4985	2010
8025	2011
2461	2012
4562	2013
5646	2014
6874	2015
1167	2016
4053	2017
1194	2018
1143	2019
1901	2020
7656	2021
8710	2022
2006	2023
6295	2024
9753	2025
1783	2026
9720	2027
1419	2028
8192	2029
1504	2030
6208	2031
4427	2032
4386	2033
709	2034
5600	2035
1702	2036
5407	2037
1151	2038
899	2039
4995	2040
8411	2041
15	2042
7180	2043
8153	2044
9425	2045
9679	2046
1332	2047
9893	2048
8056	2049
818	2050
4014	2051
9441	2052
8956	2053
3625	2054
9480	2055
905	2056
4018	2057
7995	2058
1457	2059
2646	2060
1917	2061
8886	2062
7892	2063
510	2064
3389	2065
4916	2066
2371	2067
1439	2068
898	2069
2599	2070
7900	2071
2631	2072
6896	2073
6850	2074
6922	2075
6851	2076
4377	2077
1321	2078
7487	2079
1136	2080
9230	2081
3440	2082
8490	2083
6866	2084
107	2085
1973	2086
6287	2087
294	2088
2861	2089
8273	2090
472	2091
1592	2092
1333	2093
4749	2094
42	2095
6079	2096
3955	2097
1300	2098
626	2099
4751	2100
5314	2101
5715	2102
6978	2103
6260	2104
8166	2105
2329	2106
3687	2107
1892	2108
1084	2109
1223	2110
6005	2111
5456	2112
9357	2113
8880	2114
9726	2115
6495	2116
3886	2117
633	2118
8584	2119
6044	2120
4949	2121
5640	2122
9909	2123
2019	2124
7346	2125
7348	2126
8182	2127
9749	2128
7509	2129
6505	2130
8495	2131
1739	2132
3447	2133
408	2134
1285	2135
1893	2136
4906	2137
2073	2138
8944	2139
7931	2140
9120	2141
1000	2142
3423	2143
4070	2144
1542	2145
5845	2146
158	2147
8049	2148
9295	2149
6254	2150
500	2151
9550	2152
4389	2153
5233	2154
4258	2155
9638	2156
9285	2157
3734	2158
8542	2159
2531	2160
4194	2161
3681	2162
3777	2163
9560	2164
7915	2165
9782	2166
819	2167
5119	2168
9353	2169
8951	2170
6546	2171
8751	2172
3439	2173
1845	2174
1215	2175
6252	2176
7204	2177
3324	2178
331	2179
1620	2180
6467	2181
4074	2182
4898	2183
5136	2184
650	2185
1273	2186
1111	2187
4663	2188
5177	2189
7577	2190
4299	2191
1803	2192
4019	2193
2715	2194
7073	2195
6992	2196
4543	2197
7827	2198
8033	2199
2360	2200
198	2201
2995	2202
4732	2203
2823	2204
998	2205
1844	2206
9057	2207
1710	2208
8129	2209
554	2210
6181	2211
2826	2212
9045	2213
2560	2214
7727	2215
1373	2216
3304	2217
4280	2218
5399	2219
4004	2220
608	2221
9504	2222
8690	2223
2283	2224
2114	2225
7972	2226
4733	2227
6597	2228
2266	2229
4682	2230
1415	2231
5902	2232
3501	2233
6924	2234
2640	2235
7929	2236
2802	2237
8803	2238
2479	2239
7514	2240
8606	2241
8401	2242
2693	2243
9656	2244
3337	2245
6211	2246
7436	2247
1039	2248
8565	2249
4414	2250
4986	2251
8629	2252
3168	2253
5274	2254
4933	2255
6128	2256
7482	2257
4091	2258
4541	2259
1530	2260
964	2261
5980	2262
46	2263
9866	2264
9941	2265
844	2266
2165	2267
7190	2268
6539	2269
4105	2270
1826	2271
3607	2272
288	2273
932	2274
2878	2275
1646	2276
7015	2277
6411	2278
4927	2279
1495	2280
9709	2281
7635	2282
8351	2283
1449	2284
4042	2285
3184	2286
6129	2287
4842	2288
4134	2289
6882	2290
3935	2291
3885	2292
1350	2293
4877	2294
4654	2295
4104	2296
3014	2297
7028	2298
982	2299
3245	2300
1716	2301
7110	2302
1126	2303
7544	2304
2069	2305
2830	2306
5324	2307
6793	2308
2319	2309
8135	2310
9276	2311
6567	2312
2333	2313
9886	2314
3328	2315
6731	2316
3714	2317
3403	2318
2153	2319
5032	2320
8592	2321
8502	2322
9280	2323
4043	2324
4582	2325
97	2326
5817	2327
5408	2328
4219	2329
8484	2330
94	2331
716	2332
658	2333
7244	2334
8149	2335
1759	2336
3277	2337
7790	2338
9897	2339
5445	2340
7563	2341
2350	2342
4846	2343
7286	2344
9210	2345
7337	2346
4230	2347
9264	2348
7044	2349
4620	2350
9805	2351
1334	2352
3746	2353
670	2354
2049	2355
2742	2356
5035	2357
6491	2358
8434	2359
550	2360
4468	2361
3673	2362
7181	2363
4395	2364
9136	2365
4672	2366
6336	2367
8867	2368
2209	2369
6285	2370
9	2371
9326	2372
2645	2373
7052	2374
6773	2375
8518	2376
1382	2377
540	2378
8530	2379
229	2380
1176	2381
2057	2382
8458	2383
9390	2384
2891	2385
2108	2386
6025	2387
5536	2388
4111	2389
594	2390
800	2391
7833	2392
6511	2393
1318	2394
2970	2395
5645	2396
1833	2397
4044	2398
5271	2399
1681	2400
8046	2401
837	2402
9920	2403
4072	2404
5122	2405
5345	2406
5451	2407
5695	2408
3270	2409
3426	2410
9498	2411
69	2412
7131	2413
9580	2414
6687	2415
7806	2416
697	2417
2164	2418
8219	2419
8626	2420
5559	2421
1476	2422
6497	2423
2482	2424
2920	2425
2400	2426
3706	2427
4604	2428
5995	2429
902	2430
3276	2431
6188	2432
3133	2433
6481	2434
9140	2435
7733	2436
4335	2437
2930	2438
6768	2439
502	2440
3415	2441
9741	2442
4495	2443
4366	2444
8799	2445
9380	2446
216	2447
3398	2448
9134	2449
2018	2450
2880	2451
5531	2452
8369	2453
1834	2454
1598	2455
6983	2456
3203	2457
2382	2458
6920	2459
6519	2460
8409	2461
1429	2462
9513	2463
6033	2464
9330	2465
6466	2466
6425	2467
7779	2468
9922	2469
5111	2470
2565	2471
3200	2472
2032	2473
1879	2474
4900	2475
3523	2476
565	2477
8256	2478
3664	2479
8142	2480
656	2481
3360	2482
9482	2483
8427	2484
7590	2485
9812	2486
7019	2487
8952	2488
3115	2489
6462	2490
5644	2491
1753	2492
232	2493
5892	2494
8876	2495
9054	2496
2021	2497
2410	2498
3238	2499
7630	2500
6296	2501
2118	2502
1768	2503
9382	2504
6271	2505
8729	2506
2142	2507
4533	2508
6161	2509
1473	2510
3239	2511
2097	2512
7479	2513
6725	2514
6931	2515
6347	2516
2296	2517
1859	2518
4742	2519
2143	2520
994	2521
784	2522
1496	2523
8524	2524
4177	2525
7441	2526
2977	2527
1129	2528
7580	2529
1092	2530
2994	2531
1451	2532
3619	2533
3974	2534
8337	2535
1711	2536
5495	2537
7122	2538
2211	2539
7585	2540
5654	2541
9615	2542
5963	2543
2519	2544
4725	2545
9266	2546
4166	2547
5440	2548
8716	2549
2369	2550
4940	2551
4599	2552
2608	2553
1965	2554
6027	2555
7003	2556
732	2557
1089	2558
337	2559
8972	2560
736	2561
7338	2562
1932	2563
8460	2564
7583	2565
4037	2566
6624	2567
814	2568
6195	2569
291	2570
3209	2571
135	2572
9794	2573
4325	2574
7989	2575
117	2576
9708	2577
8837	2578
6540	2579
1851	2580
9130	2581
7328	2582
419	2583
1217	2584
625	2585
4447	2586
2915	2587
3210	2588
8655	2589
2458	2590
7217	2591
9151	2592
3496	2593
114	2594
199	2595
1202	2596
9501	2597
5664	2598
2507	2599
2796	2600
1322	2601
6758	2602
9839	2603
6442	2604
8247	2605
6742	2606
3586	2607
9309	2608
4657	2609
9364	2610
5366	2611
700	2612
5994	2613
7115	2614
9792	2615
6334	2616
9270	2617
9137	2618
9636	2619
4998	2620
6117	2621
8964	2622
1799	2623
2446	2624
5756	2625
8412	2626
5700	2627
4420	2628
4585	2629
4033	2630
5416	2631
2665	2632
7522	2633
6072	2634
3654	2635
8907	2636
5933	2637
156	2638
7080	2639
395	2640
954	2641
7228	2642
6499	2643
3596	2644
4128	2645
5439	2646
4563	2647
8034	2648
154	2649
6241	2650
8366	2651
8563	2652
1252	2653
6437	2654
4119	2655
441	2656
4332	2657
2501	2658
6918	2659
1908	2660
6721	2661
1756	2662
8781	2663
274	2664
563	2665
2544	2666
8117	2667
2620	2668
8679	2669
9722	2670
4616	2671
8506	2672
7221	2673
5806	2674
4827	2675
4009	2676
8725	2677
8767	2678
8183	2679
5239	2680
796	2681
4639	2682
3600	2683
6948	2684
6852	2685
5275	2686
5788	2687
5841	2688
5355	2689
5881	2690
4460	2691
7598	2692
6876	2693
9030	2694
3422	2695
7421	2696
2515	2697
171	2698
753	2699
1385	2700
2774	2701
820	2702
253	2703
5913	2704
1525	2705
489	2706
2121	2707
1989	2708
7951	2709
3983	2710
4592	2711
3219	2712
2070	2713
4324	2714
3221	2715
2367	2716
2622	2717
5382	2718
5459	2719
8461	2720
8241	2721
3416	2722
1356	2723
8028	2724
4797	2725
648	2726
8738	2727
8380	2728
1563	2729
383	2730
6290	2731
2445	2732
9118	2733
4198	2734
165	2735
3672	2736
1265	2737
2092	2738
7489	2739
5409	2740
9828	2741
2109	2742
8286	2743
9913	2744
8859	2745
5410	2746
8281	2747
5682	2748
5159	2749
2303	2750
2768	2751
2432	2752
2602	2753
7404	2754
620	2755
1384	2756
4780	2757
2873	2758
3964	2759
1602	2760
8161	2761
974	2762
2752	2763
5202	2764
9111	2765
9235	2766
1359	2767
1874	2768
4333	2769
2502	2770
3911	2771
2227	2772
7477	2773
1906	2774
3322	2775
4160	2776
3285	2777
8992	2778
2205	2779
7631	2780
1374	2781
1918	2782
1964	2783
43	2784
9819	2785
3430	2786
126	2787
3110	2788
9064	2789
6603	2790
3582	2791
7360	2792
7023	2793
8193	2794
5293	2795
4689	2796
856	2797
93	2798
9389	2799
4067	2800
4024	2801
9644	2802
6512	2803
9117	2804
7216	2805
3795	2806
145	2807
3677	2808
4437	2809
761	2810
1743	2811
6875	2812
4139	2813
6030	2814
5624	2815
3280	2816
9629	2817
4287	2818
3154	2819
6744	2820
185	2821
1284	2822
3577	2823
7723	2824
7662	2825
1801	2826
5736	2827
5544	2828
7658	2829
7599	2830
1227	2831
2938	2832
5112	2833
5449	2834
6259	2835
7627	2836
3722	2837
5569	2838
1379	2839
6246	2840
5494	2841
3576	2842
6826	2843
4529	2844
9526	2845
6163	2846
9189	2847
140	2848
5430	2849
7366	2850
1454	2851
7406	2852
873	2853
4567	2854
38	2855
81	2856
6784	2857
8123	2858
8862	2859
4	2860
3370	2861
9307	2862
1551	2863
6240	2864
1246	2865
5051	2866
8768	2867
4392	2868
9187	2869
3356	2870
5871	2871
1589	2872
9766	2873
6708	2874
1181	2875
4080	2876
6549	2877
710	2878
9647	2879
7924	2880
5587	2881
6629	2882
6185	2883
4610	2884
7385	2885
8147	2886
9625	2887
7545	2888
7341	2889
9293	2890
4669	2891
7075	2892
1470	2893
4820	2894
2133	2895
8301	2896
3002	2897
8765	2898
7442	2899
2981	2900
6677	2901
2298	2902
2869	2903
8789	2904
7500	2905
1196	2906
8073	2907
2691	2908
3283	2909
5361	2910
8798	2911
2630	2912
7973	2913
5906	2914
4879	2915
7129	2916
5864	2917
7978	2918
180	2919
1568	2920
3003	2921
7125	2922
9002	2923
6746	2924
8700	2925
8399	2926
1537	2927
4506	2928
5585	2929
2301	2930
2331	2931
9177	2932
5059	2933
5490	2934
5690	2935
3968	2936
7280	2937
6824	2938
1697	2939
2225	2940
8550	2941
330	2942
7363	2943
2396	2944
2606	2945
1641	2946
4597	2947
2897	2948
6389	2949
3697	2950
1757	2951
8084	2952
791	2953
1430	2954
2929	2955
4530	2956
3363	2957
4584	2958
2013	2959
9386	2960
9542	2961
4017	2962
3443	2963
8105	2964
607	2965
4606	2966
5496	2967
8602	2968
147	2969
5203	2970
8116	2971
412	2972
3397	2973
7605	2974
369	2975
255	2976
7389	2977
748	2978
3748	2979
7541	2980
9303	2981
1304	2982
7730	2983
6710	2984
9870	2985
436	2986
1191	2987
8801	2988
4678	2989
339	2990
1085	2991
3491	2992
7154	2993
4405	2994
5450	2995
6447	2996
5469	2997
5370	2998
9854	2999
8175	3000
3359	3001
7615	3002
9486	3003
2062	3004
4204	3005
835	3006
1969	3007
4396	3008
3569	3009
9565	3010
1399	3011
7371	3012
2652	3013
3581	3014
4930	3015
3752	3016
3113	3017
5843	3018
4553	3019
6656	3020
5658	3021
1100	3022
4315	3023
6426	3024
2089	3025
3013	3026
5779	3027
7536	3028
8685	3029
9716	3030
6275	3031
100	3032
6200	3033
3329	3034
242	3035
4658	3036
6945	3037
2160	3038
7591	3039
7588	3040
2770	3041
7020	3042
7502	3043
7165	3044
2854	3045
8794	3046
6409	3047
5670	3048
9458	3049
4790	3050
7264	3051
2297	3052
6090	3053
8570	3054
1625	3055
5030	3056
3645	3057
7770	3058
4516	3059
6863	3060
1582	3061
9637	3062
4269	3063
7863	3064
8681	3065
3335	3066
6661	3067
2063	3068
4569	3069
4508	3070
7796	3071
6747	3072
5474	3073
7153	3074
3	3075
3511	3076
8063	3077
44	3078
9622	3079
9163	3080
4609	3081
1150	3082
3995	3083
8418	3084
9274	3085
2463	3086
975	3087
6961	3088
9361	3089
6857	3090
220	3091
1838	3092
1560	3093
8443	3094
3904	3095
5928	3096
3223	3097
4156	3098
4496	3099
8656	3100
7893	3101
174	3102
4217	3103
1760	3104
1498	3105
2791	3106
7527	3107
2882	3108
6125	3109
1926	3110
402	3111
8393	3112
4256	3113
9409	3114
8021	3115
4810	3116
1642	3117
6191	3118
5286	3119
4882	3120
773	3121
2200	3122
5110	3123
5765	3124
6899	3125
4200	3126
655	3127
9907	3128
4954	3129
209	3130
726	3131
5115	3132
2422	3133
7966	3134
4841	3135
256	3136
5329	3137
1554	3138
8364	3139
6138	3140
8980	3141
133	3142
1657	3143
3648	3144
152	3145
6258	3146
6611	3147
7602	3148
1461	3149
379	3150
4369	3151
2872	3152
8191	3153
3087	3154
1701	3155
2406	3156
8865	3157
6804	3158
1658	3159
6248	3160
9024	3161
2604	3162
4926	3163
6930	3164
1275	3165
6835	3166
7976	3167
7412	3168
2962	3169
7543	3170
4729	3171
7660	3172
7707	3173
8971	3174
7839	3175
1822	3176
8435	3177
1055	3178
5556	3179
9076	3180
8402	3181
2875	3182
6136	3183
5721	3184
9414	3185
3692	3186
3801	3187
4776	3188
7103	3189
6964	3190
4000	3191
7423	3192
5631	3193
4224	3194
4481	3195
1065	3196
1900	3197
3054	3198
5894	3199
7456	3200
4473	3201
305	3202
3967	3203
3483	3204
3330	3205
1872	3206
5331	3207
4968	3208
6308	3209
6202	3210
7402	3211
2286	3212
8472	3213
3760	3214
9236	3215
7773	3216
2786	3217
8463	3218
7597	3219
9376	3220
7948	3221
7729	3222
8516	3223
4652	3224
9734	3225
5371	3226
2621	3227
1992	3228
217	3229
3887	3230
3756	3231
5327	3232
1867	3233
4199	3234
290	3235
2901	3236
3553	3237
1178	3238
7290	3239
4574	3240
768	3241
809	3242
8184	3243
2949	3244
9493	3245
1175	3246
9300	3247
5979	3248
6148	3249
7247	3250
6067	3251
3331	3252
3814	3253
1398	3254
4356	3255
272	3256
8689	3257
7650	3258
6949	3259
3006	3260
7457	3261
9350	3262
9937	3263
9378	3264
2678	3265
6859	3266
5162	3267
4103	3268
4872	3269
6031	3270
6812	3271
3878	3272
8784	3273
4888	3274
4761	3275
1727	3276
3516	3277
5692	3278
153	3279
3341	3280
7273	3281
7120	3282
8686	3283
5216	3284
5589	3285
6145	3286
9767	3287
1145	3288
7904	3289
8578	3290
1120	3291
1354	3292
7637	3293
8370	3294
1452	3295
4532	3296
3606	3297
106	3298
9687	3299
5940	3300
746	3301
6672	3302
4265	3303
9554	3304
3130	3305
6206	3306
9689	3307
6337	3308
657	3309
6357	3310
4783	3311
1627	3312
9419	3313
1293	3314
5374	3315
8959	3316
8538	3317
84	3318
5095	3319
5598	3320
9618	3321
4983	3322
1162	3323
9422	3324
4921	3325
5754	3326
4720	3327
9017	3328
1895	3329
5520	3330
8113	3331
7333	3332
549	3333
8205	3334
6018	3335
5545	3336
7035	3337
4677	3338
5965	3339
3918	3340
9577	3341
8505	3342
4802	3343
4203	3344
4789	3345
5461	3346
9765	3347
44	3348
8830	3349
1438	3350
4162	3351
605	3352
8226	3353
5669	3354
4207	3355
7009	3356
1647	3357
2101	3358
8235	3359
182	3360
5636	3361
5210	3362
9731	3363
7819	3364
6730	3365
8755	3366
1241	3367
4423	3368
110	3369
7938	3370
9234	3371
8438	3372
4278	3373
3103	3374
215	3375
4239	3376
1447	3377
4455	3378
4142	3379
1184	3380
2832	3381
1539	3382
3840	3383
1416	3384
961	3385
8724	3386
2088	3387
595	3388
9718	3389
3845	3390
4557	3391
7420	3392
37	3393
2155	3394
8871	3395
7975	3396
2106	3397
9830	3398
9367	3399
8874	3400
7213	3401
7275	3402
6428	3403
4517	3404
8984	3405
6841	3406
9614	3407
3829	3408
7594	3409
876	3410
1864	3411
5862	3412
8515	3413
7002	3414
2585	3415
6239	3416
5618	3417
9193	3418
4875	3419
9329	3420
2180	3421
1737	3422
1685	3423
962	3424
9658	3425
9847	3426
6880	3427
7569	3428
3216	3429
4093	3430
3807	3431
4192	3432
8688	3433
9620	3434
6637	3435
3962	3436
9432	3437
9719	3438
8271	3439
7454	3440
6137	3441
4435	3442
8732	3443
7152	3444
8661	3445
2413	3446
4323	3447
1279	3448
235	3449
9547	3450
8802	3451
3869	3452
6565	3453
1663	3454
2123	3455
501	3456
6840	3457
1420	3458
2171	3459
7690	3460
4140	3461
2078	3462
8873	3463
7728	3464
374	3465
9646	3466
6245	3467
60	3468
1469	3469
909	3470
1263	3471
7215	3472
3056	3473
6365	3474
2307	3475
5313	3476
1914	3477
6233	3478
8657	3479
6815	3480
3225	3481
771	3482
7706	3483
2577	3484
6331	3485
4908	3486
7222	3487
9763	3488
9141	3489
2345	3490
1302	3491
5396	3492
8760	3493
7158	3494
7732	3495
6292	3496
2016	3497
9436	3498
8787	3499
5433	3500
6100	3501
6474	3502
3934	3503
9694	3504
6657	3505
4976	3506
43	3507
823	3508
3926	3509
862	3510
5332	3511
9621	3512
40	3513
132	3514
5143	3515
4	3516
5283	3517
3799	3518
6544	3519
8069	3520
30	3521
4342	3522
1705	3523
6063	3524
3598	3525
8165	3526
276	3527
2176	3528
6140	3529
3853	3530
4240	3531
1787	3532
8923	3533
7926	3534
4712	3535
1878	3536
8346	3537
3978	3538
7086	3539
8348	3540
7864	3541
9735	3542
8093	3543
906	3544
9258	3545
7668	3546
534	3547
8059	3548
4913	3549
3257	3550
7350	3551
7034	3552
7252	3553
6907	3554
4938	3555
6242	3556
3832	3557
2044	3558
7083	3559
9051	3560
1013	3561
8683	3562
9410	3563
8141	3564
473	3565
3635	3566
5268	3567
358	3568
5441	3569
1624	3570
7117	3571
2571	3572
9746	3573
3028	3574
1984	3575
9009	3576
4520	3577
1017	3578
5564	3579
1133	3580
4699	3581
9275	3582
1458	3583
7578	3584
2276	3585
8739	3586
144	3587
380	3588
1748	3589
1881	3590
7907	3591
6493	3592
8387	3593
415	3594
7549	3595
1654	3596
9034	3597
1690	3598
610	3599
731	3600
2760	3601
9033	3602
479	3603
3940	3604
6479	3605
5040	3606
5431	3607
5325	3608
5367	3609
2288	3610
6622	3611
9474	3612
7446	3613
4542	3614
9006	3615
3515	3616
2353	3617
6862	3618
9154	3619
3796	3620
397	3621
5954	3622
2258	3623
3627	3624
9100	3625
6551	3626
4923	3627
5413	3628
2675	3629
9226	3630
6232	3631
9061	3632
8292	3633
6054	3634
9011	3635
9220	3636
537	3637
1996	3638
8945	3639
4739	3640
8208	3641
5090	3642
8704	3643
6172	3644
3064	3645
5134	3646
1941	3647
3711	3648
9429	3649
1403	3650
5835	3651
4653	3652
8429	3653
4238	3654
2609	3655
7200	3656
1811	3657
1636	3658
7258	3659
7771	3660
572	3661
6379	3662
4816	3663
3343	3664
1896	3665
3460	3666
5437	3667
1088	3668
8993	3669
5379	3670
4772	3671
3530	3672
2035	3673
113	3674
6836	3675
5647	3676
6050	3677
7321	3678
7085	3679
5094	3680
3319	3681
600	3682
5414	3683
2310	3684
1172	3685
3476	3686
2051	3687
8778	3688
7045	3689
427	3690
2474	3691
1567	3692
3425	3693
9224	3694
1272	3695
5082	3696
9806	3697
7797	3698
9423	3699
1125	3700
7954	3701
1368	3702
19	3703
4945	3704
6400	3705
77	3706
3198	3707
9834	3708
6057	3709
6561	3710
5483	3711
102	3712
9128	3713
1032	3714
9106	3715
2082	3716
8489	3717
6580	3718
5818	3719
293	3720
5761	3721
2067	3722
7377	3723
3102	3724
1226	3725
7894	3726
7237	3727
8164	3728
4138	3729
3409	3730
763	3731
2925	3732
2848	3733
8269	3734
7026	3735
2183	3736
9632	3737
1292	3738
9690	3739
1808	3740
5484	3741
7168	3742
1535	3743
8130	3744
8808	3745
1571	3746
4440	3747
9784	3748
7860	3749
249	3750
6704	3751
3139	3752
4931	3753
7455	3754
5290	3755
4937	3756
4401	3757
448	3758
6006	3759
7378	3760
5205	3761
8104	3762
166	3763
2060	3764
4593	3765
5548	3766
8901	3767
3384	3768
2814	3769
452	3770
5958	3771
8065	3772
7531	3773
3318	3774
1135	3775
372	3776
8857	3777
4704	3778
8485	3779
8067	3780
9643	3781
9219	3782
7473	3783
2066	3784
3428	3785
9366	3786
2584	3787
4247	3788
8756	3789
841	3790
642	3791
5063	3792
769	3793
754	3794
3740	3795
5634	3796
3961	3797
6878	3798
6705	3799
2055	3800
6201	3801
5351	3802
9898	3803
8809	3804
801	3805
1765	3806
2935	3807
6530	3808
6132	3809
4071	3810
1527	3811
384	3812
4334	3813
8922	3814
387	3815
6905	3816
2113	3817
661	3818
531	3819
1077	3820
4469	3821
5291	3822
6193	3823
9944	3824
9747	3825
5046	3826
3858	3827
1381	3828
2581	3829
5607	3830
2431	3831
67	3832
3138	3833
1517	3834
4354	3835
9169	3836
3393	3837
1417	3838
2628	3839
1829	3840
1060	3841
7480	3842
6485	3843
3822	3844
3299	3845
6186	3846
9602	3847
3062	3848
8327	3849
8599	3850
6764	3851
9208	3852
6809	3853
2291	3854
5880	3855
7118	3856
7016	3857
1287	3858
3080	3859
2323	3860
9073	3861
543	3862
1188	3863
1205	3864
3211	3865
9475	3866
3458	3867
6993	3868
2903	3869
2850	3870
2119	3871
2214	3872
7997	3873
6399	3874
9213	3875
5179	3876
1880	3877
9313	3878
4328	3879
9714	3880
355	3881
4181	3882
7245	3883
8692	3884
6187	3885
116	3886
7667	3887
8934	3888
3405	3889
7309	3890
2669	3891
4439	3892
4090	3893
8201	3894
3975	3895
2948	3896
5024	3897
5855	3898
3494	3899
3326	3900
5513	3901
6396	3902
6612	3903
5292	3904
4691	3905
7029	3906
2800	3907
1684	3908
4174	3909
9005	3910
4676	3911
3011	3912
4918	3913
2879	3914
2649	3915
6028	3916
5597	3917
9081	3918
1062	3919
5675	3920
4514	3921
5229	3922
6340	3923
4835	3924
2619	3925
5612	3926
5219	3927
3741	3928
5037	3929
5142	3930
5565	3931
4831	3932
1939	3933
5507	3934
6508	3935
957	3936
3766	3937
6424	3938
8126	3939
2704	3940
5582	3941
137	3942
2383	3943
3592	3944
3580	3945
2572	3946
4169	3947
2858	3948
2685	3949
3557	3950
3467	3951
9921	3952
238	3953
624	3954
6915	3955
9697	3956
6733	3957
310	3958
1497	3959
5930	3960
8243	3961
1238	3962
5156	3963
4055	3964
688	3965
9724	3966
8338	3967
895	3968
2085	3969
5910	3970
4290	3971
6159	3972
5341	3973
8941	3974
9649	3975
248	3976
4953	3977
6722	3978
4131	3979
7136	3980
6893	3981
6402	3982
7230	3983
7741	3984
8007	3985
10	3986
679	3987
1578	3988
674	3989
854	3990
8943	3991
4317	3992
3182	3993
3454	3994
6921	3995
1485	3996
5976	3997
6075	3998
7782	3999
5117	4000
8948	4001
6300	4002
7936	4003
2971	4004
9196	4005
9914	4006
518	4007
3773	4008
8623	4009
3207	4010
4666	4011
673	4012
7887	4013
2524	4014
8525	4015
5383	4016
3173	4017
2573	4018
1574	4019
5340	4020
423	4021
8158	4022
7738	4023
4559	4024
7452	4025
8290	4026
9086	4027
3656	4028
5	4029
8773	4030
7340	4031
2969	4032
3407	4033
6120	4034
7663	4035
2513	4036
7440	4037
9851	4038
2589	4039
5744	4040
4750	4041
5166	4042
7465	4043
7364	4044
2140	4045
5919	4046
9335	4047
3558	4048
8420	4049
7270	4050
3037	4051
2188	4052
4480	4053
1437	4054
6135	4055
3873	4056
8693	4057
5105	4058
8762	4059
1436	4060
4684	4061
6282	4062
5853	4063
4400	4064
1118	4065
7824	4066
6500	4067
539	4068
8251	4069
5519	4070
1114	4071
9522	4072
4711	4073
418	4074
3057	4075
9368	4076
6771	4077
5891	4078
8305	4079
7712	4080
8982	4081
1140	4082
7493	4083
4277	4084
6932	4085
1813	4086
7109	4087
3448	4088
8520	4089
1812	4090
7169	4091
2172	4092
9759	4093
8455	4094
9740	4095
3347	4096
3293	4097
5572	4098
3079	4099
3217	4100
6370	4101
4076	4102
3126	4103
9869	4104
7693	4105
5480	4106
9873	4107
7846	4108
8066	4109
6352	4110
5985	4111
1635	4112
5714	4113
8559	4114
2465	4115
8749	4116
5834	4117
6714	4118
3101	4119
9668	4120
3047	4121
9124	4122
4358	4123
5315	4124
134	4125
1450	4126
8593	4127
8163	4128
8845	4129
1116	4130
8136	4131
5723	4132
9476	4133
2894	4134
2918	4135
2521	4136
7546	4137
4216	4138
7737	4139
9808	4140
8881	4141
8469	4142
7238	4143
7850	4144
9321	4145
4012	4146
3520	4147
3574	4148
8244	4149
5184	4150
3418	4151
7683	4152
4808	4153
6689	4154
3547	4155
7123	4156
5798	4157
9302	4158
7765	4159
8979	4160
2539	4161
8978	4162
6270	4163
5497	4164
1206	4165
5212	4166
8390	4167
1661	4168
1708	4169
6524	4170
7642	4171
2838	4172
3921	4173
3508	4174
3901	4175
5825	4176
6756	4177
3916	4178
4989	4179
7513	4180
1251	4181
6266	4182
4388	4183
4308	4184
2344	4185
3038	4186
5893	4187
5673	4188
476	4189
5549	4190
920	4191
1164	4192
8015	4193
2380	4194
2856	4195
6339	4196
7911	4197
7710	4198
2607	4199
1974	4200
7640	4201
8776	4202
9036	4203
983	4204
3506	4205
8835	4206
5013	4207
7409	4208
6608	4209
3065	4210
6217	4211
2290	4212
5641	4213
4975	4214
6226	4215
7620	4216
5131	4217
9046	4218
9256	4219
7460	4220
9347	4221
8819	4222
121	4223
1655	4224
7970	4225
3959	4226
263	4227
4951	4228
7476	4229
3699	4230
6755	4231
4049	4232
3464	4233
8908	4234
8846	4235
9171	4236
2203	4237
3631	4238
9626	4239
2321	4240
1397	4241
1912	4242
7858	4243
4702	4244
4614	4245
4368	4246
7980	4247
212	4248
2973	4249
3090	4250
4862	4251
4407	4252
6568	4253
7960	4254
3776	4255
8437	4256
8376	4257
317	4258
3373	4259
526	4260
8585	4261
8932	4262
9283	4263
1577	4264
3953	4265
8998	4266
6123	4267
948	4268
6314	4269
41	4270
2747	4271
7453	4272
6203	4273
5964	4274
1462	4275
8328	4276
6854	4277
9832	4278
5074	4279
852	4280
2864	4281
5305	4282
9780	4283
4415	4284
9178	4285
3667	4286
6091	4287
9717	4288
1073	4289
9467	4290
6349	4291
8083	4292
131	4293
3679	4294
3051	4295
7614	4296
8544	4297
5693	4298
9456	4299
7703	4300
9500	4301
5846	4302
403	4303
8277	4304
7013	4305
3688	4306
4515	4307
5273	4308
2957	4309
5141	4310
8987	4311
2112	4312
3208	4313
8706	4314
4479	4315
5951	4316
2247	4317
3019	4318
4920	4319
1061	4320
7203	4321
2348	4322
2613	4323
2523	4324
2545	4325
4791	4326
1376	4327
7225	4328
4588	4329
2598	4330
1800	4331
8687	4332
5064	4333
300	4334
4351	4335
863	4336
9673	4337
2853	4338
2496	4339
6483	4340
3879	4341
6958	4342
1256	4343
8531	4344
2255	4345
9640	4346
352	4347
2201	4348
159	4349
921	4350
1979	4351
5077	4352
1336	4353
6642	4354
9930	4355
1433	4356
9857	4357
7313	4358
949	4359
7875	4360
7025	4361
7022	4362
1726	4363
772	4364
6802	4365
3564	4366
6048	4367
2963	4368
3826	4369
5258	4370
2096	4371
8919	4372
5121	4373
4977	4374
4190	4375
2299	4376
6162	4377
5770	4378
3804	4379
1078	4380
3977	4381
2828	4382
7373	4383
4788	4384
5560	4385
3985	4386
8454	4387
8498	4388
603	4389
5227	4390
7205	4391
4999	4392
3279	4393
8448	4394
1839	4395
8920	4396
1601	4397
5498	4398
9027	4399
9825	4400
425	4401
5470	4402
2580	4403
7801	4404
7438	4405
8013	4406
9404	4407
9294	4408
8287	4409
6472	4410
8353	4411
8718	4412
727	4413
3626	4414
2634	4415
8381	4416
7196	4417
9864	4418
1298	4419
3125	4420
5066	4421
1738	4422
9125	4423
5608	4424
9268	4425
8654	4426
7853	4427
8976	4428
4979	4429
2587	4430
6553	4431
4086	4432
9384	4433
2430	4434
6842	4435
6860	4436
8259	4437
6868	4438
2046	4439
3778	4440
2849	4441
4383	4442
8574	4443
8103	4444
1489	4445
1512	4446
513	4447
8567	4448
2667	4449
3666	4450
5802	4451
3957	4452
6096	4453
9795	4454
4594	4455
2241	4456
2285	4457
2240	4458
5614	4459
3073	4460
6807	4461
6528	4462
745	4463
4794	4464
201	4465
9308	4466
319	4467
6795	4468
376	4469
2767	4470
9239	4471
68	4472
8904	4473
8068	4474
4755	4475
7747	4476
1590	4477
516	4478
9449	4479
792	4480
247	4481
9662	4482
689	4483
9905	4484
3046	4485
6074	4486
2198	4487
7078	4488
8965	4489
8087	4490
1807	4491
2313	4492
2012	4493
5783	4494
7841	4495
2347	4496
4723	4497
2650	4498
690	4499
2637	4500
1534	4501
1377	4502
2570	4503
6047	4504
1983	4505
4276	4506
1375	4507
4885	4508
1119	4509
4595	4510
4721	4511
3860	4512
7047	4513
871	4514
3958	4515
3969	4516
1270	4517
8682	4518
9699	4519
3987	4520
8546	4521
31	4522
6925	4523
8358	4524
6149	4525
2124	4526
3306	4527
4021	4528
3362	4529
1146	4530
8535	4531
8875	4532
1615	4533
2302	4534
8291	4535
281	4536
8673	4537
5264	4538
4687	4539
853	4540
3174	4541
3834	4542
6157	4543
2960	4544
6939	4545
490	4546
892	4547
5145	4548
4340	4549
66	4550
866	4551
7478	4552
1886	4553
8664	4554
8968	4555
9088	4556
8150	4557
7918	4558
1034	4559
1954	4560
35	4561
4738	4562
669	4563
1455	4564
8714	4565
7505	4566
8995	4567
6934	4568
3912	4569
5811	4570
5746	4571
5537	4572
6726	4573
8404	4574
1387	4575
4519	4576
8036	4577
333	4578
1214	4579
5735	4580
6131	4581
2219	4582
664	4583
1267	4584
9505	4585
3847	4586
5506	4587
6452	4588
2368	4589
1204	4590
8575	4591
4250	4592
7343	4593
7161	4594
32	4595
5967	4596
4349	4597
6879	4598
8834	4599
2027	4600
1631	4601
5175	4602
8365	4603
7496	4604
1742	4605
5656	4606
7647	4607
2536	4608
1364	4609
9779	4610
7943	4611
6097	4612
1773	4613
5935	4614
1934	4615
5984	4616
3346	4617
2334	4618
6613	4619
138	4620
3712	4621
3445	4622
7232	4623
6623	4624
708	4625
3310	4626
2480	4627
6192	4628
3224	4629
8494	4630
6098	4631
7033	4632
5944	4633
7007	4634
634	4635
611	4636
794	4637
5133	4638
5432	4639
7132	4640
9603	4641
4839	4642
5257	4643
5665	4644
5438	4645
4865	4646
2618	4647
8595	4648
3107	4649
2907	4650
7897	4651
56	4652
6592	4653
9304	4654
7942	4655
3578	4656
3942	4657
5882	4658
8650	4659
3286	4660
4578	4661
4740	4662
8054	4663
9338	4664
3539	4665
6563	4666
9179	4667
7284	4668
9934	4669
5310	4670
1809	4671
3446	4672
7525	4673
8633	4674
9867	4675
3475	4676
9401	4677
6600	4678
569	4679
4402	4680
8938	4681
142	4682
6367	4683
9862	4684
7670	4685
8921	4686
3401	4687
9771	4688
7464	4689
1949	4690
8008	4691
1463	4692
478	4693
8440	4694
2341	4695
5213	4696
9349	4697
8942	4698
6803	4699
3466	4700
5065	4701
7250	4702
5626	4703
48	4704
9172	4705
7562	4706
6127	4707
3837	4708
4551	4709
6453	4710
3055	4711
4869	4712
4314	4713
4155	4714
6577	4715
1493	4716
4212	4717
8497	4718
9935	4719
6805	4720
6007	4721
4306	4722
5778	4723
2978	4724
8294	4725
3695	4726
3365	4727
8517	4728
6124	4729
7705	4730
8315	4731
3735	4732
6628	4733
1755	4734
6575	4735
4251	4736
1679	4737
8452	4738
9223	4739
8384	4740
6222	4741
5256	4742
8203	4743
7843	4744
8079	4745
8202	4746
5868	4747
7417	4748
848	4749
34	4750
5684	4751
9090	4752
6305	4753
6204	4754
5866	4755
364	4756
3042	4757
992	4758
8824	4759
7139	4760
9191	4761
1068	4762
8813	4763
363	4764
287	4765
6791	4766
4453	4767
9173	4768
9333	4769
8914	4770
7996	4771
4803	4772
1477	4773
327	4774
1117	4775
9875	4776
2860	4777
4115	4778
1506	4779
9859	4780
861	4781
4444	4782
8009	4783
6310	4784
7267	4785
2928	4786
9931	4787
2460	4788
45	4789
2098	4790
3112	4791
5828	4792
8310	4793
371	4794
4051	4795
846	4796
9652	4797
5870	4798
7838	4799
1749	4800
1629	4801
9853	4802
1453	4803
7043	4804
3944	4805
7323	4806
6398	4807
5987	4808
4778	4809
2840	4810
7991	4811
7547	4812
4316	4813
5349	4814
1938	4815
181	4816
3451	4817
3825	4818
444	4819
8615	4820
7010	4821
2263	4822
368	4823
8912	4824
20	4825
5733	4826
734	4827
3554	4828
4934	4829
6670	4830
925	4831
4050	4832
162	4833
7533	4834
4959	4835
6942	4836
4273	4837
2703	4838
5619	4839
8939	4840
6811	4841
4854	4842
6864	4843
7534	4844
8746	4845
5739	4846
9004	4847
7499	4848
5534	4849
5267	4850
3698	4851
146	4852
8181	4853
8180	4854
5426	4855
481	4856
8480	4857
9123	4858
8608	4859
9911	4860
6147	4861
5956	4862
5616	4863
9835	4864
2605	4865
9890	4866
8329	4867
6114	4868
3590	4869
1011	4870
2451	4871
3716	4872
3071	4873
9	4874
718	4875
4498	4876
9341	4877
4868	4878
8459	4879
3311	4880
8155	4881
9056	4882
2361	4883
9434	4884
210	4885
5588	4886
5188	4887
737	4888
5782	4889
3095	4890
7955	4891
2392	4892
8722	4893
1187	4894
5228	4895
9903	4896
7909	4897
1862	4898
5663	4899
4544	4900
3910	4901
9549	4902
9676	4903
9369	4904
9945	4905
2576	4906
6995	4907
9228	4908
614	4909
4765	4910
115	4911
5727	4912
7374	4913
8918	4914
789	4915
1353	4916
9783	4917
6463	4918
9730	4919
2485	4920
6728	4921
9099	4922
4493	4923
5988	4924
1444	4925
1210	4926
890	4927
5858	4928
538	4929
7186	4930
6806	4931
7878	4932
6610	4933
7167	4934
6038	4935
577	4936
1966	4937
3180	4938
5489	4939
398	4940
4821	4941
7813	4942
4168	4943
5052	4944
244	4945
2476	4946
3410	4947
5648	4948
3124	4949
6959	4950
7685	4951
4763	4952
3242	4953
480	4954
6748	4955
9894	4956
755	4957
280	4958
1855	4959
9424	4960
8821	4961
3244	4962
1533	4963
23	4964
2855	4965
6156	4966
8	4967
3429	4968
5606	4969
782	4970
1262	4971
5277	4972
5762	4973
2987	4974
422	4975
2394	4976
7561	4977
3119	4978
9651	4979
4833	4980
9514	4981
678	4982
2156	4983
4838	4984
5878	4985
7	4986
7778	4987
9029	4988
4387	4989
1828	4990
2644	4991
2314	4992
694	4993
2091	4994
9060	4995
9174	4996
3518	4997
6286	4998
6332	4999
884	5000
8094	5001
9756	5002
2388	5003
4152	5004
2064	5005
1424	5006
6606	5007
3610	5008
3587	5009
7896	5010
8214	5011
5222	5012
4680	5013
2271	5014
451	5015
3162	5016
1775	5017
414	5018
2965	5019
5900	5020
3104	5021
9010	5022
2279	5023
437	5024
1448	5025
6965	5026
9727	5027
9101	5028
28	5029
6045	5030
5610	5031
6767	5032
5217	5033
6280	5034
2569	5035
3378	5036
3368	5037
671	5038
4159	5039
5757	5040
2696	5041
2559	5042
5993	5043
4806	5044
9344	5045
6301	5046
5183	5047
241	5048
5567	5049
1559	5050
2548	5051
1152	5052
2673	5053
2332	5054
783	5055
1848	5056
8817	5057
1758	5058
7056	5059
2711	5060
1487	5061
4656	5062
6344	5063
9527	5064
6194	5065
4910	5066
2919	5067
7836	5068
1875	5069
6782	5070
1694	5071
3070	5072
7235	5073
7014	5074
9521	5075
1508	5076
651	5077
9548	5078
8960	5079
8230	5080
8966	5081
1972	5082
6914	5083
2753	5084
5912	5085
8177	5086
4501	5087
4782	5088
5018	5089
3636	5090
4010	5091
4428	5092
5297	5093
3140	5094
7657	5095
6319	5096
6021	5097
3794	5098
3137	5099
9880	5100
3771	5101
4847	5102
4647	5103
5717	5104
9400	5105
5583	5106
3789	5107
3067	5108
4856	5109
6560	5110
1924	5111
9396	5112
2212	5113
7288	5114
4809	5115
7488	5116
1051	5117
157	5118
453	5119
9535	5120
9593	5121
5080	5122
3395	5123
867	5124
5339	5125
7107	5126
8670	5127
3144	5128
36	5129
3891	5130
470	5131
5308	5132
2582	5133
9440	5134
118	5135
5412	5136
3033	5137
5421	5138
5948	5139
8680	5140
3434	5141
5860	5142
3764	5143
8560	5144
1575	5145
2741	5146
9822	5147
1997	5148
1675	5149
6394	5150
1080	5151
3603	5152
5002	5153
4048	5154
9222	5155
7785	5156
5114	5157
2942	5158
8309	5159
721	5160
5592	5161
2208	5162
7093	5163
434	5164
969	5165
7159	5166
5551	5167
4185	5168
5033	5169
1521	5170
7702	5171
9138	5172
8899	5173
3761	5174
8295	5175
9545	5176
9240	5177
6621	5178
1729	5179
9232	5180
1348	5181
6019	5182
3480	5183
1076	5184
6168	5185
2269	5186
1850	5187
79	5188
446	5189
8814	5190
8098	5191
7992	5192
4911	5193
1536	5194
4099	5195
3246	5196
1682	5197
1957	5198
3784	5199
3997	5200
26	5201
7176	5202
3470	5203
5384	5204
5350	5205
9170	5206
2871	5207
654	5208
2732	5209
7469	5210
5436	5211
995	5212
8258	5213
821	5214
2999	5215
9515	5216
3617	5217
438	5218
6555	5219
4494	5220
6303	5221
4577	5222
5312	5223
7411	5224
1434	5225
4980	5226
5466	5227
4590	5228
3532	5229
5643	5230
1040	5231
6214	5232
1871	5233
4511	5234
6682	5235
1228	5236
9443	5237
8772	5238
1843	5239
5477	5240
1023	5241
4123	5242
1383	5243
1630	5244
390	5245
7718	5246
632	5247
3571	5248
2204	5249
6691	5250
5005	5251
6434	5252
3936	5253
637	5254
7141	5255
7	5256
5874	5257
5722	5258
9019	5259
6249	5260
7039	5261
6966	5262
6382	5263
1192	5264
4337	5265
1956	5266
8074	5267
9205	5268
1443	5269
7320	5270
2843	5271
1501	5272
3769	5273
9184	5274
6557	5275
7784	5276
1994	5277
9902	5278
9568	5279
9008	5280
1665	5281
613	5282
1927	5283
2865	5284
5415	5285
5500	5286
3931	5287
3247	5288
9464	5289
4141	5290
9888	5291
6272	5292
1294	5293
9692	5294
449	5295
2178	5296
6587	5297
1245	5298
6092	5299
5609	5300
3289	5301
6676	5302
2	5303
7725	5304
9450	5305
2138	5306
4429	5307
8016	5308
1576	5309
6517	5310
4513	5311
4972	5312
9462	5313
5485	5314
9856	5315
5505	5316
9551	5317
1541	5318
2923	5319
4853	5320
838	5321
9876	5322
2287	5323
7601	5324
8786	5325
5398	5326
7439	5327
8818	5328
1960	5329
1130	5330
9641	5331
12	5332
4724	5333
6821	5334
6083	5335
4246	5336
6364	5337
9706	5338
5172	5339
7945	5340
5116	5341
7305	5342
4961	5343
9084	5344
8449	5345
7861	5346
3717	5347
3146	5348
832	5349
9381	5350
2668	5351
6654	5352
6926	5353
4106	5354
224	5355
234	5356
9831	5357
3913	5358
1200	5359
5089	5360
5981	5361
2988	5362
6101	5363
2807	5364
3633	5365
8237	5366
717	5367
9733	5368
7830	5369
8234	5370
8162	5371
7072	5372
3021	5373
4892	5374
7890	5375
5877	5376
7999	5377
2274	5378
7271	5379
6384	5380
3129	5381
4492	5382
9900	5383
6787	5384
8091	5385
1115	5386
6778	5387
2954	5388
8833	5389
888	5390
328	5391
9848	5392
5045	5393
7005	5394
9885	5395
8782	5396
1548	5397
497	5398
9402	5399
9418	5400
6119	5401
3791	5402
5941	5403
5766	5404
894	5405
4866	5406
6737	5407
5235	5408
5186	5409
1266	5410
7076	5411
5635	5412
9244	5413
6884	5414
1337	5415
8588	5416
3972	5417
7748	5418
3996	5419
859	5420
981	5421
4576	5422
6220	5423
9267	5424
2242	5425
5023	5426
8361	5427
7908	5428
6716	5429
2532	5430
8637	5431
8096	5432
6571	5433
1827	5434
1902	5435
1579	5436
9149	5437
7041	5438
6659	5439
1482	5440
5465	5441
8289	5442
5215	5443
5999	5444
8263	5445
8636	5446
7431	5447
3616	5448
1916	5449
8631	5450
2553	5451
6250	5452
2655	5453
3374	5454
1033	5455
8392	5456
1515	5457
5073	5458
7419	5459
943	5460
2250	5461
297	5462
29	5463
1440	5464
4805	5465
5360	5466
9584	5467
9325	5468
2718	5469
7300	5470
4708	5471
5989	5472
1049	5473
7162	5474
7772	5475
7671	5476
5996	5477
8488	5478
59	5479
1242	5480
551	5481
7276	5482
8347	5483
3919	5484
1723	5485
8543	5486
8783	5487
3355	5488
8820	5489
6913	5490
5260	5491
24	5492
1595	5493
5511	5494
4390	5495
8745	5496
7061	5497
2447	5498
3004	5499
5703	5500
7201	5501
8396	5502
5419	5503
3320	5504
428	5505
9533	5506
2306	5507
640	5508
5269	5509
7198	5510
4965	5511
1471	5512
1179	5513
9529	5514
2563	5515
7241	5516
2364	5517
3864	5518
7084	5519
7832	5520
5751	5521
6532	5522
659	5523
1594	5524
186	5525
8913	5526
591	5527
1596	5528
9069	5529
95	5530
8057	5531
4603	5532
1271	5533
5533	5534
6614	5535
4259	5536
4777	5537
6892	5538
8564	5539
167	5540
5060	5541
855	5542
4991	5543
5038	5544
851	5545
9420	5546
349	5547
7834	5548
8403	5549
6412	5550
3809	5551
9379	5552
955	5553
2452	5554
7930	5555
6695	5556
9557	5557
6984	5558
6569	5559
1963	5560
9710	5561
1936	5562
1081	5563
868	5564
9394	5565
246	5566
2542	5567
885	5568
7679	5569
6257	5570
8547	5571
8726	5572
774	5573
3007	5574
5886	5575
3189	5576
9674	5577
2185	5578
7554	5579
8314	5580
9463	5581
7939	5582
9461	5583
8842	5584
1483	5585
2257	5586
8947	5587
9778	5588
2575	5589
5237	5590
8573	5591
9829	5592
273	5593
558	5594
1446	5595
6943	5596
1777	5597
6780	5598
3589	5599
9487	5600
606	5601
3909	5602
5725	5603
5357	5604
9845	5605
1491	5606
3744	5607
1853	5608
7539	5609
9791	5610
9012	5611
1728	5612
6552	5613
2186	5614
8253	5615
9104	5616
5250	5617
2751	5618
3941	5619
5969	5620
5442	5621
9095	5622
4252	5623
2417	5624
1695	5625
7666	5626
8092	5627
2917	5628
1970	5629
3390	5630
9093	5631
6488	5632
7691	5633
5278	5634
4359	5635
442	5636
3857	5637
2722	5638
3015	5639
2217	5640
7393	5641
1645	5642
1255	5643
2862	5644
4964	5645
323	5646
7865	5647
4855	5648
3932	5649
5795	5650
6833	5651
2819	5652
4357	5653
9074	5654
2543	5655
6938	5656
3747	5657
1408	5658
1310	5659
2730	5660
1394	5661
9552	5662
7750	5663
5867	5664
9536	5665
9334	5666
4617	5667
2931	5668
5908	5669
6014	5670
9080	5671
4874	5672
2196	5673
6419	5674
3442	5675
9748	5676
5138	5677
6218	5678
7565	5679
6350	5680
4957	5681
9528	5682
2684	5683
1468	5684
6277	5685
1331	5686
9555	5687
8838	5688
6288	5689
9788	5690
4484	5691
3786	5692
4566	5693
2372	5694
4537	5695
7692	5696
6658	5697
2689	5698
164	5699
2193	5700
3272	5701
5625	5702
2001	5703
4665	5704
7326	5705
7716	5706
7982	5707
7641	5708
4225	5709
4861	5710
9255	5711
155	5712
7876	5713
6999	5714
4994	5715
6403	5716
5204	5717
1180	5718
1769	5719
9453	5720
7844	5721
2699	5722
4294	5723
824	5724
2239	5725
1648	5726
178	5727
1564	5728
9020	5729
6694	5730
4636	5731
2996	5732
4792	5733
5914	5734
23	5735
6889	5736
9370	5737
4736	5738
3334	5739
3202	5740
360	5741
567	5742
6302	5743
1673	5744
6243	5745
8120	5746
6304	5747
304	5748
5151	5749
8131	5750
7390	5751
7708	5752
252	5753
4172	5754
4889	5755
1110	5756
4745	5757
8736	5758
1622	5759
8836	5760
3166	5761
8278	5762
2755	5763
5301	5764
3258	5765
8653	5766
8406	5767
2031	5768
2837	5769
6368	5770
609	5771
2750	5772
5444	5773
668	5774
30	5775
9754	5776
9949	5777
8039	5778
2736	5779
5961	5780
575	5781
2442	5782
4303	5783
431	5784
4600	5785
6401	5786
5272	5787
5093	5788
2058	5789
6342	5790
2471	5791
9286	5792
3929	5793
5472	5794
7634	5795
29	5796
7883	5797
207	5798
8598	5799
6848	5800
8994	5801
2597	5802
5509	5803
5452	5804
9669	5805
9667	5806
7040	5807
2763	5808
3895	5809
4184	5810
7269	5811
8053	5812
4675	5813
2799	5814
9215	5815
3281	5816
1549	5817
3153	5818
9739	5819
4365	5820
6601	5821
6599	5822
8019	5823
2890	5824
6141	5825
8072	5826
9817	5827
2989	5828
9742	5829
8070	5830
6484	5831
5318	5832
6752	5833
1794	5834
9108	5835
2030	5836
6139	5837
124	5838
2506	5839
5447	5840
6000	5841
9037	5842
2510	5843
6051	5844
544	5845
9583	5846
6104	5847
6087	5848
7752	5849
699	5850
2386	5851
3121	5852
3693	5853
7538	5854
8915	5855
6766	5856
7067	5857
9566	5858
9940	5859
5187	5860
8894	5861
2053	5862
6788	5863
8468	5864
6537	5865
6607	5866
2748	5867
2702	5868
71	5869
3136	5870
5861	5871
9511	5872
9833	5873
356	5874
1148	5875
8477	5876
8100	5877
758	5878
2893	5879
3266	5880
2909	5881
3149	5882
2349	5883
5915	5884
4157	5885
6431	5886
92	5887
9578	5888
7520	5889
7170	5890
2418	5891
8493	5892
5015	5893
6960	5894
7194	5895
119	5896
6410	5897
7745	5898
3000	5899
2357	5900
3742	5901
3265	5902
7506	5903
7941	5904
1169	5905
9666	5906
1732	5907
2325	5908
6311	5909
7171	5910
1472	5911
2663	5912
8086	5913
3594	5914
9491	5915
536	5916
8983	5917
7923	5918
3402	5919
9721	5920
6060	5921
7508	5922
4612	5923
491	5924
365	5925
923	5926
5793	5927
2905	5928
508	5929
6786	5930
9678	5931
4943	5932
882	5933
764	5934
3588	5935
7160	5936
6955	5937
6458	5938
5627	5939
4474	5940
3123	5941
9132	5942
8701	5943
7820	5944
4924	5945
7024	5946
9392	5947
4748	5948
4288	5949
1122	5950
5532	5951
7593	5952
2986	5953
4499	5954
3849	5955
7236	5956
4697	5957
5009	5958
7210	5959
2216	5960
945	5961
2547	5962
2716	5963
7932	5964
4539	5965
6229	5966
9082	5967
7664	5968
8367	5969
6732	5970
6550	5971
3854	5972
1566	5973
1741	5974
7150	5975
4088	5976
3172	5977
8668	5978
148	5979
8853	5980
4268	5981
9026	5982
4759	5983
903	5984
816	5985
6371	5986
1422	5987
3678	5988
6717	5989
5697	5990
3228	5991
802	5992
5342	5993
7032	5994
2885	5995
8227	5996
6927	5997
7207	5998
937	5999
618	6000
5079	6001
2245	6002
3376	6003
6997	6004
3008	6005
2491	6006
1366	6007
5130	6008
1899	6009
8737	6010
6533	6011
5523	6012
8731	6013
136	6014
8246	6015
2056	6016
9311	6017
5076	6018
6494	6019
484	6020
6515	6021
9772	6022
7652	6023
149	6024
9047	6025
4476	6026
7430	6027
3298	6028
388	6029
5011	6030
5942	6031
3560	6032
3922	6033
645	6034
7229	6035
8856	6036
4364	6037
2339	6038
45	6039
1361	6040
706	6041
4813	6042
4478	6043
7255	6044
7481	6045
1585	6046
883	6047
5270	6048
2518	6049
2222	6050
123	6051
4025	6052
4245	6053
9868	6054
1367	6055
6625	6056
1971	6057
3850	6058
7922	6059
6886	6060
219	6061
4022	6062
17	6063
1967	6064
9617	6065
6150	6066
3999	6067
8898	6068
9508	6069
8190	6070
9613	6071
8841	6072
4798	6073
6388	6074
3680	6075
4161	6076
1616	6077
8064	6078
2815	6079
5687	6080
9322	6081
2218	6082
7382	6083
6224	6084
2141	6085
1090	6086
3859	6087
9114	6088
8511	6089
557	6090
8961	6091
1733	6092
284	6093
7530	6094
4718	6095
7367	6096
8829	6097
9147	6098
7963	6099
4801	6100
2992	6101
9439	6102
5028	6103
5797	6104
5390	6105
5615	6106
1161	6107
2131	6108
8110	6109
9075	6110
2	6111
4561	6112
4873	6113
2162	6114
9257	6115
1607	6116
5220	6117
1664	6118
5049	6119
4271	6120
9375	6121
8897	6122
4223	6123
8293	6124
3111	6125
5289	6126
2043	6127
9732	6128
2359	6129
5423	6130
845	6131
6489	6132
2505	6133
1043	6134
687	6135
7735	6136
6324	6137
8825	6138
3937	6139
475	6140
5359	6141
2488	6142
7240	6143
3694	6144
546	6145
8061	6146
4329	6147
9612	6148
8513	6149
1258	6150
3260	6151
5067	6152
1075	6153
8318	6154
4587	6155
8552	6156
5386	6157
8222	6158
8391	6159
179	6160
8878	6161
9586	6162
1786	6163
3117	6164
7065	6165
6264	6166
8436	6167
183	6168
4233	6169
2781	6170
2455	6171
1688	6172
1002	6173
528	6174
6769	6175
7324	6176
1466	6177
2264	6178
3361	6179
4222	6180
6697	6181
1044	6182
4477	6183
7653	6184
6449	6185
9919	6186
1617	6187
9339	6188
1609	6189
5428	6190
5225	6191
9185	6192
4546	6193
6579	6194
1297	6195
5120	6196
8395	6197
7698	6198
4007	6199
7724	6200
6427	6201
7211	6202
3868	6203
7809	6204
6591	6205
7302	6206
4370	6207
3637	6208
3131	6209
2851	6210
4601	6211
8851	6212
2749	6213
2024	6214
798	6215
9696	6216
5719	6217
8145	6218
2080	6219
211	6220
8769	6221
3684	6222
8519	6223
5946	6224
5960	6225
3372	6226
5029	6227
4454	6228
1329	6229
589	6230
302	6231
3928	6232
1343	6233
1865	6234
7916	6235
928	6236
8774	6237
7209	6238
4393	6239
8267	6240
8743	6241
426	6242
2352	6243
7292	6244
6180	6245
4714	6246
5181	6247
1195	6248
3387	6249
5252	6250
2946	6251
1006	6252
1219	6253
9670	6254
5528	6255
1814	6256
348	6257
8026	6258
1856	6259
3683	6260
318	6261
5620	6262
5535	6263
9250	6264
9233	6265
4488	6266
5057	6267
4671	6268
3902	6269
5526	6270
486	6271
2390	6272
4852	6273
5418	6274
3063	6275
3526	6276
7880	6277
9018	6278
8316	6279
6024	6280
6406	6281
9685	6282
3608	6283
2429	6284
3816	6285
1561	6286
1905	6287
6692	6288
7646	6289
4057	6290
5317	6291
5698	6292
7956	6293
1678	6294
7913	6295
8695	6296
3264	6297
2450	6298
8482	6299
1832	6300
5691	6301
5026	6302
4041	6303
8917	6304
8125	6305
4509	6306
3871	6307
4110	6308
2159	6309
8785	6310
4056	6311
6052	6312
8159	6313
5020	6314
9884	6315
4825	6316
2833	6317
759	6318
1980	6319
6343	6320
2635	6321
7632	6322
5899	6323
4952	6324
8659	6325
9212	6326
1341	6327
7295	6328
8500	6329
6053	6330
3165	6331
5493	6332
6785	6333
5401	6334
1643	6335
1425	6336
6801	6337
5157	6338
5677	6339
8812	6340
8719	6341
5338	6342
9225	6343
35	6344
2226	6345
5303	6346
936	6347
2824	6348
4016	6349
5872	6350
6698	6351
9575	6352
7755	6353
2007	6354
6690	6355
8303	6356
9865	6357
7990	6358
4757	6359
430	6360
4848	6361
7306	6362
6355	6363
1852	6364
6315	6365
1185	6366
893	6367
6113	6368
4886	6369
2775	6370
4286	6371
9272	6372
1478	6373
8352	6374
4178	6375
4762	6376
6444	6377
6154	6378
9564	6379
8043	6380
5672	6381
1959	6382
3663	6383
1018	6384
2095	6385
3614	6386
58	6387
3459	6388
4982	6389
9398	6390
8439	6391
1861	6392
1247	6393
439	6394
9142	6395
619	6396
8711	6397
7289	6398
5218	6399
5712	6400
3192	6401
1096	6402
1897	6403
8197	6404
8887	6405
5503	6406
8728	6407
6765	6408
5992	6409
3127	6410
2508	6411
8955	6412
6660	6413
3549	6414
1953	6415
7365	6416
6446	6417
8355	6418
4362	6419
9936	6420
7427	6421
2974	6422
8280	6423
6328	6424
8238	6425
8030	6426
194	6427
9850	6428
6680	6429
7914	6430
3314	6431
4320	6432
3230	6433
1481	6434
5927	6435
4701	6436
9609	6437
6130	6438
2150	6439
2235	6440
8501	6441
1846	6442
4837	6443
3889	6444
1792	6445
8929	6446
5473	6447
1249	6448
4443	6449
9821	6450
5249	6451
9243	6452
6869	6453
2590	6454
2326	6455
361	6456
6078	6457
7870	6458
9180	6459
582	6460
7175	6461
5522	6462
6776	6463
7740	6464
31	6465
5443	6466
4311	6467
4549	6468
4465	6469
3463	6470
6935	6471
6588	6472
7516	6473
5083	6474
3327	6475
4518	6476
8708	6477
3386	6478
7422	6479
6902	6480
3016	6481
9469	6482
4635	6483
1475	6484
9758	6485
8031	6486
5454	6487
7774	6488
1211	6489
6093	6490
1074	6491
3562	6492
225	6493
8940	6494
2320	6495
5173	6496
597	6497
2528	6498
8936	6499
3453	6500
1232	6501
9531	6502
6395	6503
5411	6504
3479	6505
7316	6506
9814	6507
6468	6508
4126	6509
8431	6510
6153	6511
1744	6512
5150	6513
4804	6514
5991	6515
1340	6516
1323	6517
128	6518
5968	6519
1369	6520
6034	6521
5321	6522
530	6523
910	6524
483	6525
2534	6526
104	6527
3792	6528
2425	6529
3700	6530
1277	6531
1569	6532
3300	6533
1840	6534
2340	6535
5820	6536
5601	6537
9837	6538
4209	6539
4819	6540
647	6541
3489	6542
2401	6543
3312	6544
2535	6545
4163	6546
377	6547
6436	6548
3620	6549
324	6550
3573	6551
173	6552
7386	6553
1071	6554
393	6555
6620	6556
6718	6557
5022	6558
7608	6559
3177	6560
1722	6561
7906	6562
4521	6563
1250	6564
3472	6565
8089	6566
833	6567
1514	6568
5578	6569
6506	6570
3468	6571
1714	6572
3925	6573
7628	6574
4064	6575
7147	6576
7088	6577
2798	6578
1789	6579
1667	6580
3821	6581
1583	6582
6831	6583
214	6584
5381	6585
8487	6586
1605	6587
1069	6588
1328	6589
8709	6590
1402	6591
9089	6592
8741	6593
6604	6594
9681	6595
3621	6596
8674	6597
1464	6598
8188	6599
6482	6600
7677	6601
4031	6602
9296	6603
999	6604
953	6605
1313	6606
4700	6607
14	6608
901	6609
1558	6610
6762	6611
7857	6612
8444	6613
8788	6614
5842	6615
7736	6616
4446	6617
4319	6618
7762	6619
7610	6620
9798	6621
7949	6622
5160	6623
3059	6624
2105	6625
9826	6626
2099	6627
6724	6628
1456	6629
1316	6630
7769	6631
878	6632
4438	6633
1057	6634
6655	6635
7447	6636
5201	6637
4341	6638
2038	6639
8151	6640
4404	6641
6595	6642
9290	6643
1019	6644
5491	6645
8507	6646
25	6647
3169	6648
6465	6649
1700	6650
4535	6651
8285	6652
514	6653
7392	6654
2804	6655
6417	6656
3481	6657
8306	6658
3457	6659
6662	6660
3750	6661
5053	6662
4575	6663
8414	6664
3060	6665
3527	6666
781	6667
875	6668
4385	6669
3350	6670
3435	6671
5055	6672
1299	6673
5805	6674
8279	6675
7492	6676
9606	6677
1511	6678
6361	6679
8665	6680
6317	6681
592	6682
89	6683
4928	6684
7626	6685
5284	6686
4101	6687
6954	6688
5824	6689
3986	6690
1031	6691
9764	6692
4935	6693
3241	6694
9576	6695
8276	6696
3897	6697
9574	6698
57	6699
4948	6700
4237	6701
3548	6702
2215	6703
3128	6704
3427	6705
6320	6706
3898	6707
8397	6708
1400	6709
1079	6710
5107	6711
3450	6712
1411	6713
2952	6714
6598	6715
7351	6716
122	6717
6322	6718
7192	6719
7329	6720
2408	6721
8763	6722
1064	6723
6783	6724
4450	6725
1588	6726
3191	6727
6177	6728
2984	6729
3994	6730
8035	6731
6297	6732
1160	6733
7143	6734
5651	6735
6904	6736
4282	6737
15	6738
9653	6739
1259	6740
8758	6741
5753	6742
8456	6743
351	6744
6279	6745
6940	6746
8359	6747
1709	6748
822	6749
7463	6750
8062	6751
8545	6752
1593	6753
4171	6754
4564	6755
5851	6756
7854	6757
6036	6758
3156	6759
4573	6760
2888	6761
1689	6762
6820	6763
2040	6764
3391	6765
7786	6766
6799	6767
2139	6768
7307	6769
9553	6770
9115	6771
1201	6772
4470	6773
5642	6774
719	6775
8890	6776
1788	6777
8451	6778
7823	6779
5402	6780
6711	6781
5926	6782
3960	6783
7881	6784
7944	6785
5405	6786
6341	6787
3357	6788
8499	6789
1240	6790
3604	6791
7859	6792
4318	6793
190	6794
283	6795
6828	6796
2137	6797
9039	6798
7149	6799
2376	6800
2336	6801
564	6802
8843	6803
4300	6804
3993	6805
6647	6806
9360	6807
1467	6808
865	6809
8081	6810
4836	6811
3762	6812
4461	6813
2444	6814
4901	6815
2653	6816
9610	6817
5704	6818
7742	6819
271	6820
8534	6821
7884	6822
5085	6823
9318	6824
5524	6825
5476	6826
4261	6827
720	6828
7624	6829
7134	6830
6043	6831
3759	6832
9481	6833
5577	6834
5306	6835
3287	6836
1025	6837
5731	6838
4690	6839
4196	6840
4173	6841
1831	6842
8766	6843
28	6844
347	6845
3316	6846
5197	6847
9342	6848
5084	6849
3484	6850
6058	6851
3155	6852
7483	6853
3920	6854
3408	6855
6068	6856
87	6857
2175	6858
4345	6859
75	6860
2412	6861
9354	6862
7592	6863
1269	6864
2982	6865
2785	6866
3565	6867
3803	6868
1220	6869
17	6870
9705	6871
4458	6872
8032	6873
7283	6874
3753	6875
5155	6876
3288	6877
1746	6878
7384	6879
4717	6880
5681	6881
6372	6882
7957	6883
5829	6884
5998	6885
1141	6886
9143	6887
1890	6888
1975	6889
3729	6890
3575	6891
7576	6892
874	6893
2346	6894
9281	6895
1986	6896
5649	6897
3754	6898
3152	6899
7498	6900
4008	6901
454	6902
2552	6903
5504	6904
2916	6905
1319	6906
6294	6907
7700	6908
1621	6909
8697	6910
6387	6911
3424	6912
11	6913
459	6914
3082	6915
5096	6916
1390	6917
9343	6918
5062	6919
5034	6920
1001	6921
8827	6922
5738	6923
8250	6924
7852	6925
3954	6926
511	6927
8274	6928
37	6929
3585	6930
8388	6931
2670	6932
6122	6933
556	6934
6967	6935
7558	6936
9660	6937
5464	6938
312	6939
2648	6940
830	6941
7050	6942
5883	6943
6641	6944
7953	6945
382	6946
354	6947
9510	6948
5081	6949
2120	6950
2809	6951
9176	6952
7711	6953
952	6954
9066	6955
3488	6956
6543	6957
4730	6958
6503	6959
3833	6960
506	6961
9910	6962
6049	6963
9539	6964
40	6965
3874	6966
3623	6967
3713	6968
775	6969
8930	6970
4583	6971
3160	6972
8304	6973
2614	6974
1546	6975
3602	6976
2526	6977
3639	6978
639	6979
3788	6980
3096	6981
9062	6982
1672	6983
6796	6984
2206	6985
1315	6986
9299	6987
492	6988
9512	6989
7964	6990
8561	6991
6234	6992
6605	6993
6761	6994
7589	6995
8099	6996
5554	6997
3813	6998
8127	6999
6064	7000
4829	7001
1010	7002
6183	7003
7523	7004
9055	7005
7327	7006
9624	7007
8562	7008
8831	7009
5391	7010
2829	7011
8196	7012
1326	7013
9703	7014
3471	7015
8178	7016
6988	7017
9052	7018
9761	7019
460	7020
3199	7021
9635	7022
6237	7023
6227	7024
3009	7025
3017	7026
7069	7027
5395	7028
4851	7029
686	7030
3517	7031
7317	7032
2014	7033
2959	7034
3545	7035
5457	7036
2632	7037
9168	7038
6626	7039
5380	7040
1666	7041
7636	7042
9003	7043
2232	7044
803	7045
5662	7046
3493	7047
5232	7048
4376	7049
1492	7050
5938	7051
8804	7052
9634	7053
1021	7054
4637	7055
9883	7056
1052	7057
4570	7058
1557	7059
9415	7060
3689	7061
1639	7062
9348	7063
7357	7064
9737	7065
9385	7066
724	7067
4117	7068
636	7069
3317	7070
7654	7071
6564	7072
8791	7073
7381	7074
3444	7075
7596	7076
4452	7077
6883	7078
188	7079
4143	7080
61	7081
2956	7082
3552	7083
3253	7084
968	7085
292	7086
8609	7087
951	7088
6763	7089
4932	7090
6979	7091
9216	7092
2701	7093
7451	7094
5199	7095
6822	7096
322	7097
4132	7098
7174	7099
8115	7100
9523	7101
9413	7102
1029	7103
621	7104
275	7105
5605	7106
8299	7107
9260	7108
8957	7109
6486	7110
8002	7111
2009	7112
493	7113
8011	7114
5285	7115
8642	7116
9816	7117
6829	7118
9459	7119
701	7120
598	7121
366	7122
6238	7123
5078	7124
6630	7125
5019	7126
2309	7127
3612	7128
6174	7129
2761	7130
1795	7131
4713	7132
7140	7133
929	7134
2540	7135
730	7136
1427	7137
8910	7138
4026	7139
4304	7140
6265	7141
785	7142
8604	7143
6856	7144
5486	7145
9259	7146
2744	7147
5759	7148
7795	7149
4981	7150
6106	7151
6891	7152
7155	7153
8014	7154
9639	7155
7137	7156
4793	7157
7837	7158
1289	7159
5595	7160
6693	7161
4039	7162
8486	7163
4226	7164
2679	7165
6507	7166
8744	7167
8734	7168
4083	7169
2566	7170
2393	7171
1349	7172
1815	7173
3186	7174
4130	7175
958	7176
3811	7177
560	7178
2734	7179
2680	7180
7768	7181
6696	7182
6912	7183
9053	7184
9468	7185
1389	7186
5335	7187
7869	7188
9221	7189
3351	7190
7940	7191
8341	7192
1067	7193
7090	7194
8958	7195
8394	7196
9896	7197
3027	7198
4257	7199
3358	7200
1412	7201
6171	7202
9648	7203
739	7204
1552	7205
1770	7206
7467	7207
9238	7208
4442	7209
9587	7210
2039	7211
3647	7212
933	7213
3497	7214
4615	7215
9391	7216
8349	7217
6709	7218
2765	7219
405	7220
8589	7221
3927	7222
1518	7223
3513	7224
2467	7225
5538	7226
1124	7227
6720	7228
1054	7229
4255	7230
279	7231
5745	7232
9543	7233
4973	7234
4774	7235
7397	7236
8300	7237
5966	7238
362	7239
3649	7240
1762	7241
4548	7242
3924	7243
6023	7244
22	7245
6423	7246
2904	7247
5709	7248
8696	7249
6450	7250
2280	7251
4925	7252
1290	7253
9786	7254
2758	7255
1091	7256
7272	7257
4065	7258
2470	7259
1212	7260
6330	7261
4052	7262
5786	7263
2997	7264
976	7265
1047	7266
7079	7267
2612	7268
7345	7269
278	7270
3998	7271
5890	7272
1317	7273
1910	7274
9079	7275
5730	7276
2065	7277
4960	7278
7743	7279
5904	7280
4914	7281
1798	7282
5737	7283
4531	7284
2846	7285
5952	7286
7089	7287
9127	7288
4890	7289
9711	7290
5003	7291
5209	7292
1147	7293
9043	7294
5810	7295
5195	7296
6581	7297
6338	7298
2936	7299
5629	7300
9684	7301
6898	7302
5552	7303
3848	7304
1209	7305
4211	7306
570	7307
9843	7308
5604	7309
6593	7310
7214	7311
6534	7312
7220	7313
9752	7314
8879	7315
4422	7316
9435	7317
5014	7318
4871	7319
9793	7320
2157	7321
9332	7322
2659	7323
3767	7324
5901	7325
3120	7326
7017	7327
4864	7328
3421	7329
139	7330
9312	7331
6126	7332
725	7333
3227	7334
2677	7335
6433	7336
4850	7337
4467	7338
2190	7339
9156	7340
286	7341
7021	7342
9811	7343
7886	7344
9842	7345
8423	7346
9077	7347
8042	7348
463	7349
9926	7350
1203	7351
3078	7352
2179	7353
9595	7354
260	7355
6865	7356
4634	7357
7444	7358
9507	7359
566	7360
5174	7361
524	7362
1818	7363
2457	7364
1823	7365
545	7366
4283	7367
5007	7368
2567	7369
9254	7370
6088	7371
8580	7372
4035	7373
9665	7374
1324	7375
5768	7376
4148	7377
8383	7378
3222	7379
8119	7380
9838	7381
3819	7382
1407	7383
9824	7384
2662	7385
930	7386
5422	7387
8649	7388
3507	7389
8750	7390
4260	7391
6405	7392
9035	7393
9807	7394
9683	7395
6538	7396
8476	7397
2664	7398
8330	7399
917	7400
5140	7401
440	7402
7401	7403
9745	7404
6558	7405
4310	7406
5276	7407
5516	7408
5876	7409
7296	7410
6456	7411
5061	7412
7672	7413
7849	7414
6970	7415
5916	7416
950	7417
6198	7418
3561	7419
2639	7420
4180	7421
8621	7422
2789	7423
1659	7424
1754	7425
4633	7426
7395	7427
561	7428
3158	7429
1767	7430
3142	7431
3122	7432
7188	7433
4815	7434
7831	7435
6556	7436
3768	7437
2951	7438
5975	7439
1274	7440
5808	7441
3963	7442
7617	7443
3175	7444
5198	7445
4883	7446
2221	7447
3528	7448
9407	7449
5330	7450
9157	7451
1987	7452
7983	7453
996	7454
6666	7455
8326	7456
5	7457
6817	7458
8528	7459
1158	7460
370	7461
8040	7462
8586	7463
1166	7464
8363	7465
4899	7466
3400	7467
2365	7468
4421	7469
3474	7470
2389	7471
2399	7472
7113	7473
5008	7474
1264	7475
485	7476
9744	7477
3105	7478
3990	7479
2233	7480
7789	7481
5838	7482
1428	7483
3188	7484
7293	7485
3381	7486
411	7487
3949	7488
9799	7489
1998	7490
1810	7491
7575	7492
7817	7493
3141	7494
7766	7495
5563	7496
9442	7497
4293	7498
3150	7499
5086	7500
4705	7501
2979	7502
5613	7503
3556	7504
7934	7505
5182	7506
8759	7507
993	7508
7226	7509
8213	7510
1610	7511
6381	7512
5859	7513
239	7514
6369	7515
5492	7516
5602	7517
8017	7518
6443	7519
7070	7520
3856	7521
7418	7522
6470	7523
1524	7524
9102	7525
5467	7526
4709	7527
1790	7528
4248	7529
1183	7530
1904	7531
8307	7532
3831	7533
3525	7534
2228	7535
3294	7536
6846	7537
6205	7538
9952	7539
3026	7540
5280	7541
5190	7542
3709	7543
257	7544
4463	7545
9356	7546
4073	7547
2076	7548
3538	7549
8470	7550
4997	7551
3235	7552
6170	7553
3375	7554
5389	7555
8713	7556
2778	7557
4764	7558
3861	7559
4747	7560
375	7561
3808	7562
2782	7563
5323	7564
5192	7565
8224	7566
663	7567
8010	7568
3263	7569
2265	7570
477	7571
2724	7572
2863	7573
5667	7574
3676	7575
1870	7576
8022	7577
2213	7578
5839	7579
3772	7580
6354	7581
7294	7582
7564	7583
474	7584
2568	7585
9131	7586
8385	7587
5191	7588
9675	7589
2710	7590
2363	7591
588	7592
8600	7593
5740	7594
4504	7595
615	7596
1007	7597
7780	7598
9247	7599
7713	7600
8027	7601
9712	7602
417	7603
6133	7604
7004	7605
2927	7606
2377	7607
4485	7608
3724	7609
9774	7610
8624	7611
7008	7612
5102	7613
807	7614
2343	7615
1937	7616
8597	7617
9942	7618
6348	7619
8796	7620
4659	7621
7383	7622
2933	7623
6917	7624
6040	7625
735	7626
9139	7627
5373	7628
5826	7629
2010	7630
5006	7631
3179	7632
4830	7633
1693	7634
1633	7635
880	7636
4434	7637
9738	7638
4060	7639
7166	7640
6477	7641
6099	7642
5929	7643
289	7644
3685	7645
4413	7646
2328	7647
3234	7648
5903	7649
9923	7650
6439	7651
329	7652
9091	7653
3723	7654
6478	7655
2932	7656
904	7657
3866	7658
5949	7659
3930	7660
8663	7661
4497	7662
4417	7663
8727	7664
1935	7665
6635	7666
4001	7667
6184	7668
9022	7669
193	7670
299	7671
8211	7672
1421	7673
6944	7674
8296	7675
3907	7676
4038	7677
3302	7678
7322	7679
303	7680
1156	7681
6982	7682
7661	7683
3892	7684
1584	7685
3846	7686
8523	7687
6632	7688
7156	7689
4321	7690
2908	7691
682	7692
6867	7693
4382	7694
3094	7695
7068	7696
7607	7697
2697	7698
378	7699
1608	7700
251	7701
3665	7702
6779	7703
1221	7704
3167	7705
3178	7706
1519	7707
5947	7708
265	7709
7811	7710
5362	7711
8566	7712
7528	7713
6975	7714
8132	7715
6469	7716
9465	7717
5346	7718
129	7719
889	7720
8954	7721
1022	7722
8823	7723
5394	7724
8200	7725
5194	7726
2312	7727
3419	7728
9109	7729
8029	7730
410	7731
7625	7732
2167	7733
4182	7734
2821	7735
6674	7736
3830	7737
5801	7738
3757	7739
2511	7740
6103	7741
3670	7742
8911	7743
4284	7744
4743	7745
1154	7746
8023	7747
839	7748
5568	7749
6321	7750
2355	7751
7074	7752
391	7753
7676	7754
553	7755
843	7756
8298	7757
7665	7758
7102	7759
2168	7760
2625	7761
2149	7762
50	7763
4165	7764
6502	7765
4197	7766
9121	7767
9078	7768
1911	7769
9815	7770
5571	7771
5025	7772
1301	7773
3705	7774
7761	7775
1836	7776
1764	7777
2757	7778
4909	7779
5294	7780
6818	7781
5922	7782
8601	7783
8885	7784
5785	7785
5243	7786
5251	7787
9950	7788
8232	7789
7426	7790
6418	7791
3745	7792
5287	7793
7866	7794
675	7795
1173	7796
7555	7797
644	7798
4818	7799
6734	7800
7071	7801
8895	7802
8102	7803
1772	7804
9509	7805
4459	7806
2270	7807
6729	7808
5827	7809
7517	7810
4786	7811
9947	7812
1797	7813
8999	7814
8532	7815
4425	7816
1947	7817
7347	7818
6545	7819
2561	7820
7361	7821
4726	7822
2766	7823
2330	7824
4947	7825
1484	7826
872	7827
2939	7828
9518	7829
7266	7830
8622	7831
5983	7832
5512	7833
5403	7834
3333	7835
6590	7836
5300	7837
9273	7838
6376	7839
3732	7840
2404	7841
5365	7842
7355	7843
5973	7844
7064	7845
5468	7846
4796	7847
3190	7848
2549	7849
392	7850
660	7851
8389	7852
5950	7853
3782	7854
5176	7855
6476	7856
4145	7857
1613	7858
8577	7859
1248	7860
2844	7861
7968	7862
3068	7863
7253	7864
6299	7865
704	7866
9483	7867
6009	7868
7673	7869
1802	7870
7613	7871
1351	7872
4361	7873
5001	7874
9906	7875
4267	7876
8479	7877
1480	7878
7669	7879
9040	7880
9371	7881
2642	7882
1825	7883
26	7884
5848	7885
7318	7886
3204	7887
7584	7888
2666	7889
3069	7890
7108	7891
187	7892
2493	7893
9373	7894
6972	7895
587	7896
6951	7897
2489	7898
6235	7899
5514	7900
6281	7901
8140	7902
200	7903
1712	7904
1237	7905
6445	7906
2453	7907
3509	7908
3469	7909
4845	7910
4891	7911
5710	7912
4550	7913
2737	7914
8156	7915
1045	7916
4002	7917
3394	7918
2026	7919
4545	7920
2686	7921
8336	7922
5873	7923
8446	7924
2315	7925
2601	7926
389	7927
5713	7928
2177	7929
4348	7930
3824	7931
1686	7932
8405	7933
4645	7934
5689	7935
9836	7936
2351	7937
2327	7938
4379	7939
8377	7940
1804	7941
8048	7942
8339	7943
5685	7944
1231	7945
1573	7946
2407	7947
7130	7948
1357	7949
8884	7950
4253	7951
8174	7952
1102	7953
1676	7954
5741	7955
812	7956
6213	7957
96	7958
4894	7959
3755	7960
7279	7961
2554	7962
7919	7963
7981	7964
1344	7965
2041	7966
9479	7967
7335	7968
1860	7969
9105	7970
5158	7971
326	7972
1072	7973
6956	7974
988	7975
6667	7976
8832	7977
357	7978
7227	7979
4843	7980
5042	7981
752	7982
2182	7983
1486	7984
1793	7985
7912	7986
9145	7987
4753	7988
1182	7989
9218	7990
429	7991
3982	7992
2484	7993
3045	7994
1099	7995
2683	7996
2776	7997
7462	7998
7091	7999
3550	8000
8024	8001
5010	8002
9284	8003
7353	8004
2731	8005
7704	8006
9470	8007
788	8008
2295	8009
3725	8010
8990	8011
7800	8012
5316	8013
2780	8014
8660	8015
9519	8016
2087	8017
2769	8018
6062	8019
461	8020
1198	8021
5041	8022
7362	8023
3321	8024
2045	8025
3535	8026
7051	8027
9655	8028
6574	8029
6830	8030
9561	8031
6375	8032
9016	8033
1580	8034
7187	8035
5092	8036
7686	8037
1920	8038
3638	8039
1923	8040
3888	8041
7291	8042
4915	8043
8185	8044
8675	8045
8797	8046
5097	8047
3290	8048
1035	8049
9175	8050
2803	8051
8270	8052
6855	8053
2223	8054
2529	8055
2991	8056
8527	8057
8896	8058
5791	8059
3176	8060
6664	8061
8302	8062
254	8063
5309	8064
2950	8065
1225	8066
1314	8067
5462	8068
6110	8069
3348	8070
7259	8071
8045	8072
5103	8073
1163	8074
2077	8075
4939	8076
6377	8077
6754	8078
9129	8079
6797	8080
3284	8081
8254	8082
705	8083
5854	8084
7947	8085
3844	8086
7199	8087
581	8088
9253	8089
8195	8090
9287	8091
205	8092
4922	8093
4828	8094
3820	8095
8671	8096
9201	8097
1363	8098
86	8099
590	8100
586	8101
9846	8102
1235	8103
6284	8104
6207	8105
3938	8106
4785	8107
1991	8108
4643	8109
1942	8110
1945	8111
2469	8112
8757	8113
827	8114
3605	8115
583	8116
5776	8117
90	8118
373	8119
8889	8120
8447	8121
3775	8122
9628	8123
9340	8124
2695	8125
39	8126
1281	8127
9403	8128
7606	8129
4331	8130
6151	8131
7969	8132
6251	8133
3268	8134
7744	8135
5404	8136
5261	8137
9874	8138
6066	8139
2941	8140
1048	8141
6268	8142
4350	8143
2478	8144
579	8145
189	8146
7380	8147
4087	8148
1614	8149
499	8150
4206	8151
2000	8152
4144	8153
9939	8154
2384	8155
576	8156
4102	8157
7758	8158
5659	8159
6312	8160
7182	8161
3512	8162
3195	8163
6415	8164
4412	8165
455	8166
175	8167
4176	8168
1171	8169
1784	8170
9359	8171
6849	8172
4812	8173
3568	8174
7612	8175
1222	8176
8581	8177
9695	8178
3066	8179
2436	8180
8340	8181
9775	8182
6542	8183
7518	8184
1330	8185
306	8186
602	8187
629	8188
5905	8189
7603	8190
3701	8191
8333	8192
8815	8193
5434	8194
1149	8195
6872	8196
1656	8197
9058	8198
797	8199
9520	8200
2812	8201
3404	8202
5149	8203
3249	8204
991	8205
3989	8206
6870	8207
4784	8208
4581	8209
2477	8210
4992	8211
8491	8212
8740	8213
8991	8214
2472	8215
3690	8216
8038	8217
8777	8218
9659	8219
3295	8220
5586	8221
1320	8222
7303	8223
5584	8224
503	8225
7639	8226
5974	8227
5777	8228
8694	8229
3161	8230
3315	8231
1671	8232
6492	8233
471	8234
6686	8235
5027	8236
4969	8237
9633	8238
9209	8239
9605	8240
5488	8241
2839	8242
7179	8243
5971	8244
1441	8245
5100	8246
7297	8247
3325	8248
667	8249
7459	8250
5460	8251
3628	8252
5749	8253
8752	8254
6554	8255
9663	8256
900	8257
7334	8258
3034	8259
3452	8260
2964	8261
9852	8262
2638	8263
8869	8264
3382	8265
9860	8266
662	8267
6713	8268
8060	8269
76	8270
2356	8271
8893	8272
9098	8273
6212	8274
7053	8275
7759	8276
1958	8277
9160	8278
5978	8279
8282	8280
4175	8281
7587	8282
2512	8283
5368	8284
3354	8285
5375	8286
6609	8287
1230	8288
4817	8289
6464	8290
2473	8291
5017	8292
1358	8293
1286	8294
7494	8295
1474	8296
1137	8297
7177	8298
55	8299
7905	8300
6877	8301
8462	8302
8382	8303
9494	8304
3529	8305
8445	8306
1586	8307
9849	8308
2414	8309
829	8310
1841	8311
4769	8312
1087	8313
6770	8314
2624	8315
5234	8316
3039	8317
2783	8318
4771	8319
3250	8320
5558	8321
2152	8322
4622	8323
4456	8324
8050	8325
2881	8326
8926	8327
1041	8328
7448	8329
8020	8330
6928	8331
8720	8332
9492	8333
344	8334
16	8335
8537	8336
2557	8337
5224	8338
4695	8339
5566	8340
5550	8341
2170	8342
7144	8343
7059	8344
4737	8345
8603	8346
1713	8347
3643	8348
5298	8349
683	8350
1014	8351
9399	8352
8134	8353
4191	8354
1968	8355
4987	8356
9122	8357
7062	8358
6055	8359
3733	8360
897	8361
919	8362
7829	8363
1866	8364
2816	8365
2440	8366
2187	8367
6916	8368
2943	8369
7763	8370
6	8371
8864	8372
4781	8373
4015	8374
5279	8375
9431	8376
4912	8377
7573	8378
9186	8379
5666	8380
7794	8381
7815	8382
2229	8383
4502	8384
468	8385
8620	8386
2709	8387
5925	8388
1869	8389
9042	8390
757	8391
6480	8392
206	8393
2116	8394
3510	8395
14	8396
2972	8397
7319	8398
1778	8399
196	8400
8107	8401
4353	8402
7862	8403
8931	8404
6407	8405
394	8406
3005	8407
9951	8408
9305	8409
1513	8410
99	8411
9589	8412
4758	8413
8630	8414
5109	8415
4707	8416
4673	8417
9723	8418
4291	8419
3010	8420
8106	8421
5539	8422
3661	8423
4457	8424
2481	8425
8640	8426
7096	8427
3061	8428
2754	8429
2126	8430
5856	8431
8255	8432
7902	8433
8312	8434
2487	8435
2555	8436
7595	8437
3836	8438
8858	8439
9192	8440
5281	8441
3805	8442
2173	8443
6798	8444
6853	8445
4768	8446
6109	8447
6665	8448
8288	8449
4373	8450
39	8451
3413	8452
3642	8453
8702	8454
631	8455
5957	8456
9150	8457
756	8458
5337	8459
88	8460
141	8461
7135	8462
4234	8463
5844	8464
1103	8465
4528	8466
4430	8467
10	8468
7124	8469
6963	8470
8344	8471
2687	8472
6017	8473
834	8474
1922	8475
5453	8476
666	8477
4046	8478
6559	8479
4158	8480
8357	8481
9352	8482
3950	8483
5720	8484
795	8485
8228	8486
5211	8487
887	8488
5590	8489
693	8490
8198	8491
8613	8492
1847	8493
1903	8494
8179	8495
3981	8496
4244	8497
1730	8498
1873	8499
9217	8500
9377	8501
8428	8502
5897	8503
3540	8504
1296	8505
6383	8506
9693	8507
1233	8508
9844	8509
3050	8510
6777	8511
593	8512
2857	8513
5098	8514
5546	8515
6435	8516
8342	8517
8071	8518
4227	8519
7754	8520
5847	8521
236	8522
9725	8523
7251	8524
6278	8525
6516	8526
5837	8527
465	8528
7645	8529
6345	8530
2887	8531
3707	8532
3992	8533
6504	8534
8088	8535
4416	8536
5363	8537
9790	8538
4734	8539
2236	8540
6947	8541
8430	8542
3462	8543
4579	8544
3906	8545
6231	8546
7553	8547
4449	8548
32	8549
226	8550
6061	8551
8311	8552
5822	8553
9736	8554
2079	8555
8152	8556
5836	8557
5724	8558
2660	8559
1766	8560
83	8561
6115	8562
4970	8563
555	8564
7105	8565
4706	8566
5311	8567
2743	8568
7821	8569
5657	8570
5832	8571
9444	8572
4787	8573
6919	8574
8508	8575
2922	8576
8625	8577
7987	8578
7776	8579
4642	8580
4770	8581
3084	8582
334	8583
7756	8584
7304	8585
82	8586
8204	8587
8539	8588
8742	8589
8248	8590
8715	8591
4208	8592
3344	8593
1698	8594
2906	8595
9804	8596
8478	8597
3566	8598
3894	8599
4153	8600
4628	8601
6165	8602
8173	8603
5245	8604
6421	8605
3842	8606
4746	8607
4896	8608
7048	8609
2912	8610
3514	8611
573	8612
1098	8613
314	8614
3106	8615
3537	8616
3018	8617
3559	8618
5633	8619
3482	8620
7808	8621
4596	8622
7739	8623
8628	8624
63	8625
6535	8626
2181	8627
1940	8628
4978	8629
1465	8630
9927	8631
7057	8632
2254	8633
7717	8634
7461	8635
9682	8636
9433	8637
6957	8638
5347	8639
1109	8640
5358	8641
7851	8642
3839	8643
2713	8644
6461	8645
5091	8646
5763	8647
3043	8648
5593	8649
5525	8650
5679	8651
6522	8652
6584	8653
4378	8654
4904	8655
1327	8656
6010	8657
1707	8658
5108	8659
2651	8660
2148	8661
8906	8662
1978	8663
4419	8664
4231	8665
1505	8666
5254	8667
7687	8668
9813	8669
6521	8670
8662	8671
7582	8672
1888	8673
9455	8674
2546	8675
184	8676
7358	8677
5668	8678
3591	8679
1307	8680
2968	8681
6008	8682
8558	8683
4876	8684
3851	8685
7501	8686
585	8687
2381	8688
9158	8689
4124	8690
195	8691
1503	8692
4069	8693
1105	8694
3134	8695
7552	8696
8775	8697
6440	8698
3486	8699
4844	8700
5540	8701
5660	8702
3030	8703
4089	8704
8004	8705
2435	8706
7891	8707
3702	8708
8379	8709
9044	8710
5655	8711
4547	8712
9650	8713
1380	8714
53	8715
886	8716
9592	8717
7648	8718
9588	8719
2042	8720
5328	8721
9405	8722
3248	8723
7372	8724
103	8725
4766	8726
5378	8727
7722	8728
1761	8729
5852	8730
1268	8731
2050	8732
1780	8733
3563	8734
777	8735
1168	8736
6531	8737
9559	8738
9279	8739
4472	8740
9532	8741
7659	8742
4884	8743
8748	8744
4346	8745
743	8746
6001	8747
2002	8748
1638	8749
6318	8750
8549	8751
8933	8752
811	8753
2003	8754
2136	8755
8617	8756
4109	8757
8095	8758
9597	8759
6651	8760
7709	8761
9908	8762
7449	8763
9438	8764
4686	8765
9251	8766
6256	8767
1216	8768
3081	8769
3035	8770
1565	8771
1921	8772
308	8773
1365	8774
2564	8775
4003	8776
2836	8777
1362	8778
6454	8779
8892	8780
1516	8781
488	8782
9558	8783
2611	8784
1405	8785
8981	8786
1509	8787
8793	8788
2337	8789
749	8790
5603	8791
6946	8792
6536	8793
1157	8794
4832	8795
767	8796
2243	8797
9126	8798
4296	8799
8322	8800
8223	8801
7239	8802
4374	8803
172	8804
4990	8805
7697	8806
9915	8807
6253	8808
8619	8809
34	8810
7751	8811
2385	8812
6673	8813
8252	8814
2475	8815
6990	8816
692	8817
316	8818
9021	8819
677	8820
4006	8821
9437	8822
9497	8823
542	8824
5070	8825
1393	8826
2275	8827
6455	8828
4858	8829
4436	8830
3980	8831
2517	8832
5050	8833
7777	8834
8582	8835
3774	8836
5780	8837
9611	8838
1004	8839
828	8840
7254	8841
1950	8842
7434	8843
836	8844
5918	8845
9298	8846
240	8847
1883	8848
6816	8849
3498	8850
3041	8851
4907	8852
9502	8853
72	8854
2025	8855
27	8856
7101	8857
5581	8858
4878	8859
6416	8860
7387	8861
5069	8862
9506	8863
4859	8864
7568	8865
733	8866
4367	8867
9211	8868
8112	8869
1186	8870
2061	8871
6890	8872
269	8873
4220	8874
3023	8875
8	8876
270	8877
8041	8878
2827	8879
7018	8880
335	8881
5165	8882
447	8883
5708	8884
5990	8885
3213	8886
1887	8887
1046	8888
4505	8889
9323	8890
4523	8891
810	8892
3522	8893
747	8894
9430	8895
4703	8896
8935	8897
2492	8898
3800	8899
262	8900
750	8901
7471	8902
1660	8903
3367	8904
3979	8905
8616	8906
5774	8907
6032	8908
8509	8909
3971	8910
6749	8911
6814	8912
1570	8913
4967	8914
7889	8915
8108	8916
8090	8917
2527	8918
1990	8919
6719	8920
3278	8921
3388	8922
1208	8923
203	8924
8272	8925
3431	8926
4800	8927
7416	8928
916	8929
8666	8930
6845	8931
2889	8932
8118	8933
7621	8934
1718	8935
18	8936
4338	8937
3075	8938
2253	8939
652	8940
7633	8941
5126	8942
5047	8943
1619	8944
8556	8945
9393	8946
6923	8947
3917	8948
9049	8949
1432	8950
8128	8951
237	8952
7965	8953
1977	8954
7921	8955
8154	8956
7616	8957
6885	8958
4795	8959
8413	8960
4077	8961
986	8962
9460	8963
815	8964
672	8965
9702	8966
8950	8967
580	8968
9331	8969
8512	8970
6329	8971
8419	8972
7450	8973
5972	8974
2405	8975
2759	8976
6844	8977
5794	8978
840	8979
5803	8980
6638	8981
770	8982
1423	8983
970	8984
8194	8985
5707	8986
3342	8987
8425	8988
5729	8989
4343	8990
3609	8991
831	8992
4322	8993
3048	8994
6041	8995
3369	8996
6684	8997
4942	8998
1928	8999
4527	9000
6645	9001
3651	9002
7087	9003
5088	9004
62	9005
5936	9006
6076	9007
3584	9008
5953	9009
4034	9010
649	9011
2494	9012
1309	9013
2541	9014
3951	9015
3572	9016
3720	9017
7816	9018
3943	9019
7249	9020
3611	9021
2366	9022
5482	9023
9861	9024
2169	9025
8707	9026
2771	9027
2899	9028
2111	9029
6526	9030
9013	9031
7246	9032
5574	9033
8583	9034
3473	9035
6772	9036
8492	9037
5146	9038
9562	9039
4408	9040
680	9041
776	9042
2093	9043
7877	9044
8124	9045
8849	9046
707	9047
2993	9048
5758	9049
622	9050
8723	9051
9103	9052
9563	9053
9324	9054
12	9055
8335	9056
6751	9057
9362	9058
3881	9059
1981	9060
967	9061
1391	9062
5510	9063
7219	9064
406	9065
3269	9066
3546	9067
685	9068
9715	9069
2427	9070
5168	9071
3441	9072
2151	9073
8410	9074
5127	9075
1070	9076
5446	9077
5058	9078
8553	9079
7349	9080
2202	9081
1830	9082
9428	9083
3193	9084
5388	9085
4608	9086
8210	9087
9454	9088
9164	9089
5896	9090
2084	9091
7491	9092
8321	9093
4807	9094
2248	9095
3058	9096
4301	9097
9297	9098
9301	9099
6306	9100
3487	9101
7066	9102
3352	9103
8097	9104
965	9105
7556	9106
4648	9107
6894	9108
7684	9109
2595	9110
9063	9111
5671	9112
9085	9113
8172	9114
2772	9115
8973	9116
552	9117
267	9118
2090	9119
4824	9120
3555	9121
2866	9122
5732	9123
8167	9124
7882	9125
2468	9126
5072	9127
3236	9128
7899	9129
5393	9130
163	9131
3956	9132
1053	9133
9582	9134
7927	9135
9540	9136
404	9137
7092	9138
2745	9139
3630	9140
9200	9141
4302	9142
9059	9143
3292	9144
3170	9145
213	9146
4066	9147
4398	9148
3159	9149
6616	9150
1538	9151
5356	9152
7097	9153
309	9154
3185	9155
9688	9156
9579	9157
3870	9158
1095	9159
6678	9160
6432	9161
168	9162
9067	9163
230	9164
3738	9165
2538	9166
5302	9167
1785	9168
8627	9169
9627	9170
2884	9171
243	9172
22	9173
321	9174
9116	9175
9306	9176
4512	9177
2661	9178
4432	9179
4186	9180
9916	9181
9288	9182
3726	9183
6210	9184
2610	9185
3392	9186
5101	9187
8924	9188
7208	9189
7127	9190
1915	9191
3305	9192
401	9193
1550	9194
3787	9195
4085	9196
2294	9197
6362	9198
3780	9199
6648	9200
6413	9201
8249	9202
6116	9203
4187	9204
1082	9205
1882	9206
6636	9207
869	9208
1431	9209
6155	9210
1824	9211
1931	9212
6790	9213
1283	9214
7285	9215
4118	9216
4215	9217
7486	9218
2859	9219
5400	9220
6459	9221
8882	9222
8122	9223
1312	9224
3915	9225
6895	9226
1696	9227
8618	9228
1930	9229
6994	9230
70	9231
4946	9232
9899	9233
7376	9234
5420	9235
6953	9236
9918	9237
2495	9238
9929	9239
9484	9240
4078	9241
1816	9242
3399	9243
912	9244
9604	9245
2047	9246
9704	9247
5804	9248
1386	9249
13	9250
9841	9251
7058	9252
5132	9253
4895	9254
722	9255
3519	9256
5242	9257
2656	9258
7619	9259
1952	9260
9863	9261
2586	9262
8317	9263
19	9264
2220	9265
2692	9266
6095	9267
5970	9268
9729	9269
3085	9270
2071	9271
5570	9272
5748	9273
7548	9274
4448	9275
762	9276
6688	9277
5087	9278
8977	9279
8473	9280
3686	9281
1236	9282
5623	9283
6679	9284
4205	9285
3751	9286
6858	9287
6968	9288
4880	9289
2379	9290
5680	9291
3438	9292
233	9293
2729	9294
4881	9295
2562	9296
4536	9297
5807	9298
5830	9299
9416	9300
3499	9301
665	9302
7437	9303
1104	9304
612	9305
684	9306
7682	9307
2189	9308
3533	9309
5253	9310
6166	9311
8840	9312
8576	9313
1056	9314
9252	9315
6167	9316
5678	9317
1735	9318
7030	9319
1308	9320
296	9321
9001	9322
980	9323
1012	9324
2740	9325
2657	9326
7133	9327
4249	9328
7191	9329
8555	9330
5977	9331
2808	9332
9167	9333
7435	9334
7407	9335
4363	9336
3855	9337
6649	9338
91	9339
9503	9340
7678	9341
1544	9342
4081	9343
7805	9344
342	9345
1325	9346
9316	9347
6	9348
2311	9349
4598	9350
8800	9351
940	9352
9777	9353
3728	9354
3371	9355
5246	9356
7856	9357
1	9358
7791	9359
7262	9360
507	9361
9249	9362
445	9363
2896	9364
3908	9365
2433	9366
462	9367
4147	9368
7979	9369
4662	9370
8386	9371
4150	9372
9190	9373
4840	9374
5688	9375
6971	9376
21	9377
1059	9378
3797	9379
9387	9380
8076	9381
8712	9382
7396	9383
2424	9384
3220	9385
298	9386
9412	9387
6991	9388
3432	9389
9119	9390
1106	9391
3437	9392
766	9393
9327	9394
8433	9395
4036	9396
2967	9397
5135	9398
9525	9399
6144	9400
4754	9401
8368	9402
3542	9403
6022	9404
2499	9405
7036	9406
8313	9407
2338	9408
2647	9409
1499	9410
2629	9411
8522	9412
3719	9413
8047	9414
7764	9415
1445	9416
7100	9417
1849	9418
6808	9419
8257	9420
4602	9421
2029	9422
6457	9423
6736	9424
5012	9425
8371	9426
8676	9427
6107	9428
4773	9429
2100	9430
4698	9431
3876	9432
3862	9433
407	9434
3899	9435
6520	9436
7532	9437
7287	9438
6514	9439
4625	9440
1774	9441
4151	9442
4381	9443
860	9444
7413	9445
2034	9446
3731	9447
7535	9448
1435	9449
2600	9450
712	9451
3655	9452
7031	9453
385	9454
9197	9455
7977	9456
7012	9457
6176	9458
6901	9459
3308	9460
2842	9461
1253	9462
8647	9463
1857	9464
9891	9465
2281	9466
1751	9467
1094	9468
4555	9469
8747	9470
7055	9471
5865	9472
6169	9473
9496	9474
4355	9475
1288	9476
2466	9477
8594	9478
9887	9479
6619	9480
6108	9481
6586	9482
5137	9483
2876	9484
7623	9485
9097	9486
7643	9487
9204	9488
4289	9489
3379	9490
9948	9491
9645	9492
2403	9493
532	9494
494	9495
4339	9496
3669	9497
715	9498
5392	9499
7233	9500
3029	9501
9932	9502
4660	9503
2130	9504
3502	9505
870	9506
47	9507
7950	9508
2980	9509
3275	9510
6644	9511
9345	9512
7529	9513
7299	9514
9023	9515
2128	9516
1640	9517
4079	9518
1962	9519
416	9520
3783	9521
4136	9522
7121	9523
9590	9524
4823	9525
2391	9526
1929	9527
7681	9528
2579	9529
3232	9530
2028	9531
4560	9532
21	9533
5429	9534
42	9535
4113	9536
1224	9537
457	9538
9544	9539
562	9540
2054	9541
250	9542
7011	9543
5787	9544
5153	9545
8848	9546
3567	9547
881	9548
779	9549
1020	9550
9161	9551
4554	9552
4688	9553
112	9554
8698	9555
7458	9556
3877	9557
9028	9558
7037	9559
6759	9560
7202	9561
4298	9562
9796	9563
343	9564
6941	9565
2324	9566
6573	9567
1378	9568
977	9569
5128	9570
9048	9571
7432	9572
409	9573
9879	9574
2081	9575
9417	9576
4054	9577
2195	9578
7688	9579
9231	9580
5789	9581
6911	9582
7263	9583
1479	9584
1599	9585
623	9586
6039	9587
3083	9588
421	9589
2464	9590
7388	9591
6378	9592
7281	9593
7696	9594
7570	9595
4292	9596
9664	9597
9495	9598
8457	9599
3896	9600
7798	9601
33	9602
2773	9603
1725	9604
6013	9605
1303	9606
989	9607
1750	9608
8816	9609
4522	9610
2551	9611
4011	9612
9050	9613
4956	9614
5784	9615
8266	9616
3339	9617
8730	9618
245	9619
7689	9620
6356	9621
487	9622
9840	9623
1674	9624
5068	9625
9182	9626
8186	9627
6397	9628
4624	9629
4849	9630
6576	9631
202	9632
8949	9633
604	9634
7699	9635
2520	9636
5812	9637
8891	9638
1650	9639
711	9640
9241	9641
1490	9642
1747	9643
1717	9644
4632	9645
3417	9646
6976	9647
6702	9648
2688	9649
1280	9650
8453	9651
2261	9652
4391	9653
5686	9654
1036	9655
8510	9656
8372	9657
5527	9658
5304	9659
3743	9660
1721	9661
8450	9662
5021	9663
9472	9664
8216	9665
7077	9666
9146	9667
7524	9668
3340	9669
6080	9670
5962	9671
8861	9672
2558	9673
7566	9674
2707	9675
6209	9676
4490	9677
9025	9678
1131	9679
332	9680
3812	9681
2163	9682
5148	9683
7331	9684
8536	9685
6471	9686
7994	9687
6069	9688
522	9689
3036	9690
222	9691
1858	9692
2358	9693
8667	9694
4941	9695
6487	9696
9581	9697
8133	9698
9598	9699
5448	9700
4058	9701
9135	9702
4779	9703
7885	9704
7675	9705
9607	9706
891	9707
2831	9708
2937	9709
9677	9710
3485	9711
6832	9712
5259	9713
3615	9714
8176	9715
9608	9716
8872	9717
9789	9718
2036	9719
5821	9720
6473	9721
6578	9722
5934	9723
6451	9724
2237	9725
1791	9726
7359	9727
5611	9728
7006	9729
5632	9730
2591	9731
3197	9732
2023	9733
227	9734
9924	9735
5417	9736
4731	9737
4503	9738
2268	9739
956	9740
1995	9741
8925	9742
7574	9743
9823	9744
7310	9745
4644	9746
1680	9747
4556	9748
4431	9749
7095	9750
8441	9751
3461	9752
3505	9753
5599	9754
2074	9755
3	9756
8408	9757
7910	9758
5521	9759
4966	9760
5189	9761
9355	9762
5266	9763
979	9764
3187	9765
911	9766
1555	9767
627	9768
3231	9769
1528	9770
3758	9771
4618	9772
9202	9773
9818	9774
4510	9775
3490	9776
9411	9777
6750	9778
6199	9779
467	9780
386	9781
1668	9782
6987	9783
8644	9784
787	9785
7840	9786
691	9787
3534	9788
6393	9789
9068	9790
1556	9791
1410	9792
5004	9793
7315	9794
7301	9795
6289	9796
4814	9797
2246	9798
8795	9799
9466	9800
8052	9801
2976	9802
2900	9803
456	9804
8471	9805
6937	9806
1360	9807
8985	9808
9810	9809
6745	9810
7429	9811
806	9812
8705	9813
7925	9814
496	9815
8157	9816
6618	9817
6881	9818
5814	9819
8860	9820
277	9821
3255	9822
4229	9823
9397	9824
3098	9825
8343	9826
3551	9827
8639	9828
5123	9829
1339	9830
2322	9831
8169	9832
742	9833
1532	9834
9517	9835
7193	9836
842	9837
9785	9838
2421	9839
3147	9840
4661	9841
6701	9842
6414	9843
7609	9844
4326	9845
2811	9846
7695	9847
466	9848
8703	9849
7961	9850
3089	9851
8643	9852
2256	9853
2249	9854
1529	9855
9245	9856
5764	9857
4638	9858
208	9859
7788	9860
6663	9861
9195	9862
8975	9863
3671	9864
4266	9865
3099	9866
6496	9867
2924	9868
4154	9869
5471	9870
3020	9871
7651	9872
1692	9873
5385	9874
9596	9875
9631	9876
6309	9877
6594	9878
751	9879
2961	9880
3737	9881
6631	9882
9406	9883
6430	9884
7398	9885
520	9886
8632	9887
8432	9888
2022	9889
7114	9890
971	9891
9320	9892
7415	9893
4822	9894
3196	9895
3261	9896
3052	9897
8805	9898
1063	9899
9943	9900
2454	9901
4030	9902
6221	9903
4040	9904
8003	9905
1388	9906
3815	9907
1108	9908
914	9909
1207	9910
204	9911
340	9912
2592	9913
4696	9914
3072	9915
3313	9916
3412	9917
2717	9918
8610	9919
5282	9920
3271	9921
1943	9922
5125	9923
9242	9924
9383	9925
5139	9926
1863	9927
2817	9928
7803	9929
7895	9930
8903	9931
2940	9932
2721	9933
6429	9934
527	9935
7223	9936
5518	9937
8018	9938
7206	9939
9623	9940
6834	9941
1134	9942
8967	9943
2251	9944
568	9945
9892	9946
5075	9947
8806	9948
6735	9949
574	9950
1426	9951
6774	9952
5163	9953
7767	9954
400	9955
4917	9956
9881	9957
4988	9958
3163	9959
3945	9960
1796	9961
2033	9962
6617	9963
9573	9964
6223	9965
8075	9966
4312	9967
8483	9968
9477	9969
1042	9970
4491	9971
7825	9972
105	9973
4466	9974
4129	9975
3456	9976
6293	9977
9768	9978
4094	9979
5479	9980
4028	9981
9246	9982
3890	9983
2537	9984
740	9985
5939	9986
2805	9987
315	9988
3449	9989
6366	9990
9904	9991
8225	9992
7559	9993
1976	9994
2910	9995
8325	9996
7490	9997
8264	9998
6838	9999
2985	10000
