1941	172	6	71.34
106	603	22	174.64
104	699	10	49.36
611	201	4	33.2
16	210	3	4.25
278	14	12	9.11
110	852	4	19.07
461	111	3	8.46
313	14	8	4.13
115	1248	3	16.1
276	118	4	10.22
138	141	6	8.39
968	14	7	17.68
240	324	3	19.79
135	603	6	39.11
1419	12	6	20.92
251	140	5	19.06
272	437	6	56.31
2318	3722	4	83.49
12	2112	3	8.38
134	146	12	32.13
159	109	6	4.46
4134	104	3	20.28
141	116	15	25.82
208	14	29	39.01
813	101	3	5.35
446	183	7	57.92
161	132	11	35.9
12	2481	3	9.31
177	166	9	45.7
1165	14	3	4.06
3742	101	3	17.13
2421	12	3	9.31
282	104	4	3.86
254	149	3	10.51
181	501	4	29.45
147	289	4	17.65
107	146	9	6.24
102	1162	5	19.02
204	148	4	13.21
781	104	3	7.84
110	12	90	14.68
499	714	3	32.35
106	346	22	131.99
4213	14	3	12.96
1455	108	4	24.25
102	965	3	6.63
390	110	4	11.83
120	1545	3	18.54
2840	14	4	15.72
122	387	4	14.82
1204	155	3	23.69
487	14	8	10.22
291	604	4	38.17
8	1057	13	130
162	428	4	24.81
109	137	101	484.82
651	109	5	22.73
104	1140	3	10.13
357	104	4	5.87
3617	172	3	35.63
139	421	3	13.05
491	104	4	8.53
1865	14	4	11.34
101	2011	8	57.55
102	658	4	7.97
113	351	4	11.43
160	147	6	16.71
879	106	3	12.2
587	16	3	12.16
1018	101	3	6.86
3565	14	3	10.85
107	972	5	27.36
101	791	3	5.11
172	114	6	8.17
12	374	46	243.14
498	308	3	26.21
12	525	7	10.41
489	936	5	63.22
13	305	3	11.99
128	107	24	37.32
380	272	4	32.63
584	391	7	81.7
136	123	6	4.73
106	144	33	90.45
103	1224	3	9.62
106	207	8	17.39
105	2305	3	18.02
101	780	3	5.11
110	512	6	25.95
242	484	3	22.82
1368	14	3	4.88
39	162	5	16.51
2	673	3	10.95
13	252	3	9.86
152	3891	3	32.82
107	2344	4	28.69
214	183	3	12.82
843	14	4	4.94
156	493	3	17.48
419	14	7	5.7
347	116	3	7.67
104	1378	4	17.98
506	126	5	26.6
1101	103	3	9.2
179	136	3	5.35
1859	116	3	19.23
219	122	4	8
160	107	6	4.26
102	745	4	9.16
235	123	5	14.42
1121	12	3	4.61
139	143	8	15.6
1536	14	6	20.11
231	371	7	60.69
106	6074	3	28.5
139	317	17	124.28
126	122	16	25.94
660	14	6	8.49
107	3219	3	21.95
104	364	5	9.53
130	1244	4	29.56
106	2871	3	20.24
3274	103	3	17.09
406	159	3	16.14
117	1342	3	17.53
224	114	7	17.5
114	1830	4	27.54
904	125	6	43.03
106	395	10	46.14
163	240	6	31.35
102	1760	4	17.34
102	1624	3	10.23
1103	121	4	24.85
1332	104	4	17.98
611	356	3	28.52
106	1077	4	20.22
1227	14	5	11.69
103	1986	3	13.35
102	491	5	8.9
127	376	25	208.34
114	564	6	28.84
281	16	3	6.93
161	216	5	22.52
266	165	6	34.16
736	12	4	4.91
138	165	4	6.99
207	808	9	99.83
240	160	3	11.33
174	249	3	13.8
369	12	11	17.27
4068	14	3	12.96
1300	14	6	17.55
114	308	19	110.21
114	232	8	22.83
349	306	4	33.43
105	4857	3	27.5
1613	112	3	17.32
2	238	4	6.14
115	587	4	16.53
510	131	3	13.56
398	12	7	6.91
223	128	4	10.45
203	149	3	8.58
16	296	4	11.82
118	1250	3	17.03
127	455	26	237.66
103	705	3	6.25
153	126	76	500.43
915	14	8	21.66
230	314	3	19.24
417	12	7	7.59
2216	8	6	61.32
754	395	3	31.14
177	269	5	29.84
150	465	5	31.52
12	4509	3	14.09
816	12	6	13.27
101	573	11	39.11
204	4433	4	56.72
101	507	4	5.26
662	103	5	14.55
142	118	9	9.55
119	248	5	12.83
121	1027	7	51.91
271	175	3	14.79
1542	12	3	6.36
1498	1344	3	45.13
2664	131	3	25.85
108	211	7	14.68
138	170	4	8.03
108	140	24	48.07
708	102	3	4.86
2805	12	4	17.21
695	12	4	4.65
919	104	3	9.02
369	125	4	16.28
542	356	4	39.22
111	464	3	8.46
191	336	3	17.86
2039	164	4	40.86
101	1595	4	15.64
2253	14	4	13.91
1698	14	3	5.93
102	2587	3	13.92
12	1117	3	4.61
112	102	164	300.85
160	119	16	47.79
106	1406	7	50.31
112	242	9	27.39
127	829	6	42.72
122	300	3	7.5
101	657	3	4.07
101	709	4	7.95
198	674	3	23.67
172	153	5	15.9
236	136	6	23.42
4202	14	3	12.96
699	85	4	27.07
1066	122	4	24.35
117	1396	3	17.53
104	562	7	24.5
790	116	3	13.32
115	658	4	17.67
8	1738	3	22.1
427	116	3	9.08
12	305	22	53.71
106	384	7	26.49
361	272	3	22.32
102	1635	3	10.23
148	556	4	24.69
2909	125	3	25.01
118	2468	3	21.45
103	270	5	4.47
584	3795	4	69.21
102	943	5	16.21
390	128	4	17.54
211	174	3	12.31
152	386	3	14.81
215	240	8	57.69
109	241	9	26.04
277	106	6	15.4
109	101	117	117.94
1889	947	4	61.61
660	126	4	22.05
117	584	5	24.45
3552	14	4	18.24
113	229	16	66.52
113	120	41	87.93
102	960	5	16.21
103	283	6	7.97
192	136	8	30.22
120	3713	3	26.86
799	5694	3	54.29
829	501	3	33.79
104	1270	4	17.24
132	316	3	10.42
386	121	9	48.13
293	111	4	8.98
198	902	4	36.79
1098	101	6	23.47
106	429	3	7.19
12	252	17	21.44
101	746	7	22.97
182	520	3	20.52
1526	14	4	9.51
101	814	3	5.35
200	331	4	27.04
5	9	3	26.85
1663	14	6	21.69
163	522	4	26.76
12	509	5	4.52
116	153	78	443.77
116	202	7	17.49
2024	102	4	18.56
110	370	7	27.06
1083	12	4	7.79
128	119	14	18.92
8	1946	3	22.96
318	107	3	5.39
101	5400	3	21.58
139	541	9	65.3
143	1200	4	30.6
205	111	9	23.38
428	159	7	51.01
127	814	5	32.93
106	1443	3	15.16
114	633	10	63.39
711	14	6	9.31
112	145	26	67.36
104	2036	6	40.57
114	3075	3	23.17
108	299	7	22.62
332	16	3	8.17
1474	112	3	16.66
216	165	4	16.74
165	211	15	102.17
121	5517	3	31.59
117	4640	3	30.92
104	2549	3	16.53
119	233	3	4.51
181	291	4	23.54
125	626	3	14.21
203	118	4	6.52
1041	14	5	10.29
12	2180	3	8.38
133	14	87	77.4
59	130	6	5.36
105	232	20	78.48
2724	12	4	17.21
102	1346	4	14.58
3571	12	3	11.95
185	1525	3	28.33
101	490	4	5.09
151	4532	3	32.57
261	109	4	6.96
827	1131	3	39.28
111	104	71	80.41
107	1606	5	33.98
127	354	37	341.63
405	420	3	26.91
118	59	11	11.01
857	14	8	20.71
266	185	5	30.28
101	928	3	6.19
348	122	3	8.61
3986	108	3	24.43
106	430	25	176.4
455	12	6	6.14
104	397	6	14.47
115	597	9	53.01
101	3419	3	14.96
108	864	5	25.95
231	402	3	21.23
102	1100	3	7.69
102	1032	4	12.07
101	1770	3	10.45
674	101	3	4.26
2158	14	3	7.33
3074	14	3	10.85
113	367	3	7.38
205	14	14	4.42
104	5891	3	24.75
135	279	7	33.13
273	141	7	34.25
1397	101	5	20.05
114	848	9	62.29
1533	12	4	10.9
318	104	7	15.23
303	139	3	10.6
1670	12	3	6.94
162	160	10	44.76
465	328	3	25.95
2420	12	3	9.31
121	483	7	37.37
59	892	6	44.24
114	3255	3	23.17
104	312	11	33.09
101	807	3	5.35
172	14	34	31.26
1228	116	4	24.19
330	110	3	6.03
2908	14	3	9.37
106	279	4	7.39
4076	103	4	31.66
203	122	5	11.02
133	111	17	23.09
1990	101	3	11.27
184	168	4	15.13
114	1457	3	17.09
101	240	9	7.94
140	3208	3	28.31
5613	5324	3	71.51
182	957	3	24.91
104	3310	4	28.03
503	160	3	17.85
602	128	3	14.38
519	1637	9	147.77
1175	12	5	13.42
234	107	7	15.83
342	104	4	5.54
783	159	3	20.97
1724	14	3	5.93
152	2511	3	29.01
4652	224	3	43.26
130	1023	7	57.87
142	6195	3	35.38
118	183	4	5.05
180	201	13	91.96
3578	14	4	18.24
346	14	9	7.36
895	12	4	6.51
261	102	13	24.31
111	107	31	26.73
111	158	8	9.86
101	1263	3	8.09
422	121	5	21.69
226	102	9	7.89
355	303	3	23.28
154	207	11	63.48
2117	103	3	13.35
110	791	3	11.9
1221	101	5	18.21
106	4244	4	38
59	134	13	28.48
2	525	5	20.13
1425	14	3	4.88
243	414	4	31.48
3607	14	4	18.24
533	110	6	26.65
607	16	3	12.35
213	237	6	39.35
129	207	7	24.97
108	456	5	18.38
180	156	5	18.78
247	119	27	162.17
103	2623	3	15.54
102	423	8	18.67
117	2231	4	31.7
111	322	5	14.73
5738	101	3	21.58
586	108	5	21.23
111	203	7	14.93
568	110	3	9.49
206	101	16	23.25
2067	259	3	34.3
378	16	3	9.15
108	253	4	6.59
120	2140	3	20.82
2913	619	4	62.14
993	119	3	15.46
799	5074	3	54.29
16	280	6	21.62
114	3799	3	25.39
8	1471	5	40.75
16	177	6	12.03
314	112	5	14.56
101	214	14	18.33
102	1385	4	14.58
209	106	4	4.2
320	136	4	16.75
336	126	11	65.36
242	500	3	23.15
104	105	276	841.27
104	297	5	7.01
13	138	5	7.08
101	2439	3	12.24
136	109	13	12.74
12	554	24	107.78
1465	112	5	34
4426	125	3	28.81
8	4679	3	33.51
102	797	6	19.81
101	1990	4	17.9
215	490	7	64.33
122	235	3	5.01
145	2441	3	26.47
117	268	20	112.92
3418	111	4	34.15
121	1139	3	16.71
2377	14	5	20.77
1219	138	4	29.92
415	119	3	9.45
2597	12	3	10.46
102	882	6	21.14
113	339	3	6.81
102	1053	8	37.13
1441	12	5	15.18
473	107	3	7.96
16	872	3	15.17
157	141	7	18.33
118	1896	4	28.98
391	5462	3	48.94
273	170	6	36.7
245	140	7	30.53
112	117	112	429.28
102	597	12	47.96
717	101	3	4.66
117	315	7	28.42
104	215	24	77.61
115	1032	3	14.74
1055	110	3	13.89
264	116	3	5.2
116	126	9	4.99
121	505	9	54.08
325	105	3	4.53
393	173	5	35.53
1880	14	3	6.58
2384	101	3	12.24
238	170	3	12.59
878	121	3	15.18
410	12	7	7.35
136	175	5	12.97
131	140	6	6.94
12	289	21	45.08
102	1823	3	10.94
473	119	8	43.43
321	165	6	38.15
104	367	12	43.19
157	185	4	13.65
132	116	11	11.19
105	636	4	14.19
156	239	12	78.06
102	2272	3	12.73
1063	14	8	25
256	221	3	16.52
1447	224	3	30.38
112	431	3	8.14
322	139	4	17.07
702	12	10	29.42
111	784	3	12.11
920	634	5	66.54
108	451	7	30.21
535	665	4	45.53
561	121	4	18.05
2174	125	6	57.65
104	1644	6	36.17
159	145	4	7.58
1352	101	3	8.58
712	116	5	26.25
121	3202	4	37.14
145	520	3	15.52
635	105	5	20.03
12	1894	5	18.84
1564	14	4	9.51
513	14	6	5.44
143	647	3	16.76
554	118	6	30.58
102	1113	4	12.61
101	522	5	8.67
181	399	3	18.56
119	445	5	21.43
124	111	46	127
3150	103	3	17.09
101	2743	3	13.43
146	12	32	8.19
3138	12	3	11.95
158	169	3	7.29
133	127	7	7.39
1061	125	3	17.96
16	231	6	17
2218	2010	4	72.4
272	1205	4	44.05
305	122	3	7.66
360	14	23	60.97
1549	126	4	30.15
117	2541	3	22.63
102	241	10	11.57
12	1699	3	6.94
156	2194	3	28.8
101	3845	3	17.13
108	270	3	4.18
138	237	6	23.78
296	119	3	6.9
174	144	5	14.7
220	532	5	43.35
481	133	3	13.41
291	566	3	26.16
3039	12	3	11.95
101	1487	4	14.74
220	535	3	22.73
461	14	7	6.88
108	180	9	18
446	376	3	26.84
480	1026	4	49.27
138	252	8	38.08
118	1280	4	25.34
278	111	3	4.81
426	166	3	17.09
4515	111	3	24.87
106	2460	3	19.01
370	116	4	12.91
426	14	12	20.97
248	113	3	4.01
121	2340	3	22.07
269	119	4	9.93
102	1585	3	10.23
102	1415	7	35.5
1615	109	4	25.23
1128	12	7	23.18
533	128	3	13.44
472	363	5	50.64
1080	12	4	7.79
104	1028	5	21.73
104	1104	8	45.51
204	647	3	23.72
265	114	3	4.66
577	14	12	29.34
229	392	5	40.28
140	947	3	18.9
374	141	5	25.83
2820	14	3	9.37
302	101	6	5.64
126	701	3	15.21
117	1065	4	23.37
261	123	4	11.38
206	137	9	39.1
114	566	16	114.02
134	247	5	17.85
182	1931	4	42.47
159	102	13	4.36
528	12	9	17.54
735	112	5	24.79
113	105	101	268.39
101	1821	4	16.68
286	141	7	35.84
890	108	3	12.6
111	787	3	12.11
175	227	3	12.91
101	1641	5	22.38
113	297	4	9.74
135	489	3	13.71
1204	14	3	4.06
2743	101	3	13.43
927	16	3	15.51
2604	101	3	13.43
12	138	199	596.62
197	116	6	12.54
131	14	50	10.42
1160	172	3	25.6
1763	894	3	43.48
326	117	12	63.02
110	235	5	9.14
178	151	8	33.87
169	366	42	506.1
102	3262	4	24.5
399	356	7	72.37
724	102	3	5.07
1722	103	3	11.8
125	21	5	6.62
107	969	3	12.68
148	198	4	12.84
553	120	3	11.39
1865	111	3	17.99
860	14	7	16.07
122	198	3	3.85
388	1047	4	47.18
114	769	8	51.05
301	116	3	6.59
135	232	4	11.82
778	12	6	12.71
858	128	4	25.02
3492	780	3	47.26
246	118	3	4.89
122	151	5	3.99
135	117	59	246.25
103	543	4	7.98
105	2273	3	18.02
822	102	3	5.78
106	117	16	5.7
498	123	4	18.63
106	175	22	76.19
116	255	10	38.59
465	194	3	20.51
193	232	3	14.13
796	106	5	24.73
169	105	17	39.85
110	285	3	4.93
110	116	18	9.7
157	14	32	14.64
102	1656	3	10.23
107	632	3	10
103	1489	3	11.16
123	608	4	20.36
103	170	10	6.12
139	116	44	160.34
556	9	3	13.69
162	353	8	57.11
231	455	5	42.41
139	285	4	15.63
485	14	13	28.5
159	122	6	8.32
101	1113	5	17.42
121	5408	3	31.59
102	439	15	56.28
118	267	3	5.71
395	133	3	12.06
247	131	5	17.41
2	1209	3	14.81
167	119	7	12.66
59	190	3	5.06
124	196	10	37.79
12	825	5	9.28
514	14	6	5.44
12	765	13	49.61
107	329	12	54.59
239	101	17	32.48
188	122	10	30.97
396	14	21	57.74
101	241	9	7.94
107	448	10	49.98
118	1206	5	33.47
203	123	3	4.94
101	3036	3	14.96
2	195	29	135.68
158	256	3	11.88
120	2188	4	30.75
118	386	4	13.94
369	128	3	10.89
149	131	4	4.16
257	12	14	14.26
174	123	4	6.51
155	125	4	4.5
323	317	7	66.44
650	108	13	88.24
722	16	4	20.69
3286	101	3	14.96
1843	14	4	11.34
138	114	9	6.49
2295	101	5	27.7
2001	103	3	13.35
195	582	3	22.08
108	252	4	6.52
1413	14	6	18.75
149	120	18	50.11
104	2023	5	30.76
181	3835	4	54.73
334	102	7	10.82
117	4541	3	26.43
1203	125	3	18.84
635	366	11	141.52
251	113	4	7.4
176	107	8	13.23
305	102	5	4.2
107	365	4	10.53
209	107	6	10.33
12	1005	7	21.07
1327	292	3	32.83
1382	14	4	8.77
258	168	3	13.21
106	2425	4	28.5
683	138	6	41.97
337	136	3	11.25
381	141	3	12.65
115	214	5	9.32
364	16	5	19.83
146	168	3	5.23
130	1766	3	22.74
499	121	11	71.18
154	242	4	16.56
102	422	5	7.46
111	323	3	6.05
111	148	13	20.21
123	202	3	4.94
114	472	10	55.06
102	2728	3	13.92
161	157	3	6.33
126	664	3	14.73
1387	108	3	15.57
141	143	6	9.2
1802	59	3	22.49
241	774	5	49.75
725	101	3	4.66
9	14	108	110.94
4612	14	3	12.96
114	935	3	13.86
152	586	3	17.72
102	933	4	11.09
113	338	6	21.44
102	985	3	6.96
501	12	7	10.08
105	770	8	44.8
151	233	10	55.89
12	166	27	16.26
293	141	7	36.03
102	2000	3	11.76
101	719	6	17.16
262	1887	3	33.49
1424	12	4	10.14
102	3285	3	15.46
109	406	8	34.6
205	141	3	7.01
111	1013	3	13.72
110	319	3	5.78
406	102	4	4.16
116	372	4	13.05
117	1277	4	25.28
930	1110	3	40.28
101	2366	3	12.24
448	106	3	7.56
12	126	85	75.95
321	14	16	25.58
107	607	8	42
143	261	64	648.18
101	1032	4	11.44
101	1100	7	30.07
1926	14	3	6.58
721	103	3	6.47
134	607	7	47.96
121	3884	3	27.11
190	186	13	88.59
207	354	3	19.28
139	506	4	21.49
102	2528	3	13.92
112	279	4	8.44
114	805	3	12.9
1892	159	3	27
5765	14	3	17.35
112	118	19	14.03
262	607	4	36.43
122	116	21	27.82
456	103	7	19.25
107	1765	5	35.46
1081	14	8	25
106	324	3	5.34
200	14	37	63.12
112	3746	3	24.95
237	1000	3	28.05
105	1027	5	26.19
325	104	6	11.57
184	764	3	23.4
101	335	9	16.58
120	938	5	31.12
57	12	125	221.1
2360	12	3	9.31
156	3620	3	33.85
106	711	4	16.38
142	102	67	132.95
119	135	8	5.91
2085	12	3	8.38
2832	14	3	9.37
1719	14	4	10.36
146	496	4	22.66
177	405	25	276.68
104	623	9	38.99
16	230	5	12.42
115	439	4	13.92
117	645	3	12.36
736	110	3	11.37
1688	14	4	10.36
481	132	3	13.41
461	141	3	13.94
143	1783	3	24.04
191	153	10	50.31
102	240	7	4.6
216	127	3	6
1224	102	4	13.21
176	119	11	32.36
111	193	5	6.91
111	131	9	4.16
328	153	4	20.23
134	307	5	22.1
159	258	3	12.1
859	12	4	6.15
1038	107	3	13.43
127	2880	3	25.22
117	1021	4	23.37
4710	101	3	21.58
266	111	10	36.31
180	283	5	31.34
291	311	4	31.58
177	1419	7	79.06
247	306	3	19.67
8	531	18	153.14
319	122	4	12.79
141	136	5	5.46
59	162	12	40.2
524	108	3	8.8
2588	14	3	9.37
59	295	3	9.38
104	877	4	13.93
146	101	24	11.38
107	307	14	65.56
154	218	7	35
102	1112	3	7.69
254	102	10	13.37
12	727	16	68.87
458	121	5	22.63
115	220	8	22.05
121	604	15	116.74
2	574	3	9.73
105	174	13	28.16
1262	12	3	5.39
237	153	4	15.71
167	107	8	10.88
366	176	4	25.88
199	167	5	23.05
163	658	3	20.06
114	1333	5	33.59
411	14	10	13.4
1395	14	4	8.77
127	1189	3	19.05
101	423	27	134.75
125	1001	3	17.57
969	329	5	58.05
127	371	29	252.34
102	392	6	9.94
1047	101	8	35.81
182	1930	5	56.2
85	2384	3	27.17
1948	472	3	39.62
108	435	5	17.68
149	148	4	6.75
1062	12	4	7.79
425	139	4	19.89
12	3590	5	30.83
957	386	3	32.6
138	202	4	11.09
155	12	55	80.98
1280	101	4	13.22
216	114	4	5.94
701	14	7	12.89
2733	835	3	46.29
107	1269	7	49.02
244	392	4	31.1
142	145	8	17.74
114	1586	5	36
119	122	29	58.09
106	816	4	17.85
12	1098	3	4.61
107	459	7	29.96
115	474	3	9.2
125	2	12	7.19
641	135	3	15.56
238	186	4	20.74
136	191	3	5.93
104	3079	3	18.08
136	129	11	22.21
1333	108	7	51.27
116	336	3	7.4
344	101	5	4.72
1344	110	3	15.77
12	2878	3	10.46
117	239	5	11.99
135	2968	3	27.75
109	452	6	24.03
1260	126	6	48.91
316	149	3	12.94
260	133	4	13.28
512	12	7	10.08
6033	1046	3	56.07
1176	139	3	20.5
12	1612	3	6.94
117	342	7	29.79
480	189	24	283.16
101	3421	4	23.82
231	376	7	60.97
735	111	4	17.82
1308	14	4	8.11
861	132	5	34.83
121	232	4	8.43
910	14	4	5.29
2869	112	3	21.16
739	102	6	18.1
210	117	27	145.93
101	882	3	5.89
106	352	3	5.84
348	102	5	5.45
12	186	116	500.72
208	165	13	83.97
1948	534	3	40.45
129	117	18	31.75
105	1556	4	22.39
121	1872	3	20.2
133	1236	3	19.85
106	1692	6	43.62
457	106	3	7.7
102	507	8	21.75
328	14	13	16.75
102	573	4	6.76
1921	132	4	33.44
366	122	3	9.01
171	198	3	11.14
1037	16	3	16.27
124	141	26	90.66
199	110	12	36.19
102	1161	8	40.09
411	111	3	7.7
102	1340	3	9.05
1773	12	3	7.6
102	4042	3	17.64
120	2632	3	23.06
381	179	3	18.25
177	419	3	18.71
168	129	4	6.58
105	483	3	7.09
119	118	11	4.72
114	1474	3	17.09
107	567	10	55.45
117	5221	3	30.92
1291	108	4	22.66
134	567	3	14.53
174	109	8	13.87
285	139	3	10.06
104	2054	4	22.04
139	1003	3	19.22
101	3688	3	17.13
1590	128	3	21.52
692	121	3	13.47
102	709	8	28.43
118	4420	3	26.47
186	119	15	55.49
12	1142	3	4.61
103	559	3	4.8
389	139	3	12.56
114	651	9	55.54
135	242	4	12.21
196	311	8	63.46
757	108	8	47.66
419	141	4	19.99
162	173	3	8.43
2080	106	6	48.05
151	595	5	34.53
110	420	6	23.27
1009	102	3	6.96
125	12	94	96.15
12	526	5	4.72
382	165	3	16.29
222	12	19	20.57
304	119	3	7.13
224	9	7	25.4
117	1251	3	16.99
151	264	3	10.93
253	385	10	99.49
623	108	7	35.79
85	103	62	170.39
640	110	5	22.64
104	1216	7	38.58
156	152	32	203.09
1848	14	3	6.58
413	118	3	9.15
113	107	52	93.02
2229	12	5	22.64
322	113	4	10.7
121	3806	3	27.11
685	117	8	50.6
135	499	14	112.22
9	127	16	35.03
901	12	10	36.22
156	112	7	7.32
385	172	5	34.52
967	12	13	59.37
103	320	4	3.96
166	136	4	6.9
1121	101	3	7.23
192	101	29	64.19
12	1551	3	6.36
434	14	6	3.98
1418	14	4	8.77
502	16	3	11.11
2601	4122	4	85.41
1385	14	3	4.88
293	196	3	16.88
249	124	4	11.19
101	884	4	10.05
321	111	4	10.01
198	879	3	25.68
121	3007	5	52.67
110	316	3	5.78
110	213	6	11.5
938	12	4	6.91
1055	12	4	7.79
102	3149	3	15.46
101	2560	4	21.24
151	368	3	14.11
710	14	6	9.31
21	57	5	7.82
2828	14	5	23.62
136	173	4	8.68
382	141	3	12.65
106	208	8	17.39
2035	9	3	23.02
12	434	15	38.76
1156	9	3	19.1
172	9	11	38.6
120	364	6	25.55
103	509	3	4.23
122	168	5	7.01
102	814	4	9.87
2391	14	4	13.91
102	746	6	18.64
101	1975	5	25.54
225	2340	4	48.22
173	350	4	25.17
234	133	4	11.71
122	729	3	13.79
615	102	4	7.22
762	237	3	26.09
1216	1259	6	97.64
120	1631	4	28.4
475	102	4	5.28
835	404	18	288.06
792	224	4	37.28
527	111	8	40.59
1127	118	3	16.09
769	101	3	5.11
133	185	3	5.14
105	446	11	52.64
2123	14	3	7.33
3165	3281	4	83.04
150	132	4	4.38
16	245	3	5.25
104	616	5	15.03
12	2151	6	28.19
520	12	5	4.72
102	1503	4	15.39
1516	113	4	25.47
119	191	5	9.1
1551	102	4	15.39
119	129	17	29.44
143	713	9	73.94
154	117	13	30.52
198	476	3	21.13
101	587	9	28.61
106	1076	4	20.22
124	165	30	150.7
12	734	21	111.72
786	12	5	8.84
147	139	7	14.06
647	101	11	43.52
133	389	4	18.2
115	333	19	115.2
16	416	5	21.44
168	362	6	41.49
266	14	11	5.79
1315	14	5	12.5
619	101	5	10.63
1090	480	3	35.35
471	101	19	82.53
102	490	5	8.9
111	263	18	85.66
114	563	8	43.49
12	1892	8	43.14
104	5606	3	24.75
103	655	3	5.83
133	212	3	6.57
2102	16	3	21.05
133	141	10	20.7
117	1977	3	20.39
115	507	3	9.64
451	5485	3	49.9
482	120	3	10.58
591	112	5	22.06
119	149	14	31.74
119	325	3	7.61
378	119	29	230.77
799	1518	11	204.56
686	107	4	16.25
191	139	20	113.87
546	107	3	8.88
1925	14	6	23.58
117	841	5	29.22
114	3027	3	23.17
4153	164	3	34.44
17	103	3	4.95
195	132	16	81.61
102	2841	3	13.92
4624	14	3	12.96
127	402	35	336.81
234	568	3	23.6
429	158	3	16.49
123	140	16	38.4
1648	135	8	82.01
114	534	8	42.44
554	102	13	51.57
199	128	6	18.6
310	104	5	7.82
124	170	11	36.44
1525	12	3	6.36
2885	168	3	31.28
2	477	3	8.6
217	16	7	20.77
8	1156	3	19.05
12	2456	5	22.64
2419	111	5	40.59
12	304	15	24.92
102	1634	4	16.29
110	184	11	27.25
2577	104	3	16.53
132	12	43	11.41
2880	309	3	38.7
104	410	8	24.39
115	657	3	11.49
224	112	4	5.69
4292	121	3	27.11
1040	12	3	4.27
178	370	4	26.1
333	123	8	40.48
173	119	9	22.87
1570	14	4	9.51
522	14	6	5.68
415	16	3	9.85
273	111	4	8.1
160	120	8	14.43
316	122	4	12.79
1	57	12	59.19
1157	224	3	28.72
101	2032	3	11.27
8	716	3	15.58
375	128	3	11.11
2506	104	4	23.54
110	1147	3	14.3
219	102	12	14.92
290	119	3	6.69
978	860	3	38.76
264	12	9	4.24
116	112	17	9.05
121	519	4	17.34
116	237	8	25.29
101	2605	3	13.43
1580	308	3	34.8
101	658	7	20.56
596	342	6	65.46
1866	14	3	6.58
1946	9	3	23.02
465	262	4	33.79
178	136	4	8.98
289	106	3	4.5
393	205	3	20.07
128	229	3	6.48
39	134	13	49.2
128	120	11	11.43
210	499	5	42.2
101	745	4	8.57
172	112	18	57.14
2171	102	3	11.76
1874	12	6	25.82
107	1029	5	28.07
1819	121	4	29.82
12	508	6	7.1
330	12	7	4.61
122	142	7	6.1
102	780	3	5.53
1909	12	5	18.84
122	213	5	11.61
145	663	3	17.3
135	218	13	66.67
186	107	6	7.95
1282	12	4	9.46
12	1224	3	4.98
219	145	3	8.27
207	183	36	343.41
138	640	3	16.04
101	3148	3	14.96
1052	101	5	16.7
1617	14	4	10.36
85	122	6	5.79
2806	14	5	23.62
107	5359	3	28.65
1924	101	3	10.45
180	721	3	22.92
175	161	6	24.62
362	151	3	14
973	112	3	13.8
1176	153	5	44.04
263	123	3	6.97
1149	12	3	4.61
166	12	26	14.45
111	2082	3	18.84
304	107	5	12.83
197	12	14	5.93
181	982	3	25.22
110	219	4	5.27
110	168	9	15.08
1541	14	3	5.37
442	108	3	7.8
734	141	6	43.54
4243	14	3	12.96
119	413	3	9.32
226	159	3	10.72
101	491	11	34.9
612	12	6	9.22
102	4163	4	29.45
105	309	3	4.31
109	720	3	11.2
140	964	3	18.9
170	116	10	23.62
123	14	72	23.83
114	446	8	38.86
6158	9	3	33.57
101	1114	3	7.23
134	132	5	4.02
745	106	3	11.04
102	333	28	123.82
2624	12	6	37
149	188	3	7.47
129	352	5	22.89
138	139	5	5.36
276	109	3	4.48
232	2264	3	34.05
104	713	5	16.88
299	172	4	22.79
733	12	8	20.28
105	352	3	5.02
248	14	15	10.9
591	152	6	44.33
377	106	4	10.63
116	2504	3	21.1
1599	101	8	47.65
102	1600	3	10.23
2334	4171	3	57.45
3796	3197	4	88.04
124	198	3	5.03
5565	164	3	38.94
101	342	5	4.72
608	103	4	9.1
102	441	6	11.31
101	1262	3	8.09
145	2786	3	27.71
467	148	3	15.4
1910	170	4	40.86
108	406	4	11.73
189	570	6	51.84
346	12	16	33.74
118	523	4	16.54
149	129	4	3.96
1724	12	3	6.94
108	303	3	5.23
101	5798	3	21.58
1606	12	3	6.94
103	933	3	8.1
745	103	3	6.7
3759	2629	4	85.41
726	101	3	4.66
127	239	19	111.78
134	378	8	47.54
101	1364	3	8.58
145	1362	3	22.56
119	164	8	14.81
740	189	7	68.74
1000	14	5	9.69
107	378	3	6.54
269	108	3	4.12
1812	101	3	10.45
269	159	3	12.55
106	2412	3	19.01
104	770	7	30.72
1691	12	7	31.23
638	12	4	3.95
16	274	3	6.53
104	650	11	54.8
12	2184	8	49.33
115	343	9	40.34
4208	12	4	24.66
3427	12	3	11.95
120	2237	3	21.83
148	202	4	13.21
121	2666	3	23.31
101	750	3	4.88
661	109	18	139.64
743	3033	4	66.79
101	674	3	4.26
255	218	5	32.65
534	303	5	49.37
12	513	6	7.1
13	286	4	17.48
13	219	3	8.58
204	385	3	19.9
101	2449	3	12.24
2814	14	5	23.62
1533	14	3	5.37
140	214	13	68.21
108	611	4	15.42
127	2525	3	25.22
1670	14	3	5.93
267	114	3	4.82
447	110	5	18.47
829	308	3	30.12
102	843	3	6.05
103	370	8	19.8
186	102	23	41.21
445	139	5	27.63
102	896	3	6.33
1204	125	3	18.84
973	12	4	7.33
1126	103	3	9.2
140	392	3	12.73
2296	101	7	50.35
190	101	14	13.25
1362	164	3	25.47
826	14	5	7.69
157	101	15	5.76
232	3093	3	36.88
102	1790	4	17.34
200	588	3	22.77
304	102	6	6.49
12	142	167	459.75
12	316	7	4.19
110	127	12	7.53
5927	2062	3	60.93
177	629	3	21.56
12	101	272	19.27
617	108	3	10.05
106	582	6	26.58
111	2102	4	28.11
1441	14	7	24.75
3561	14	4	18.24
649	108	4	16.28
2975	2009	4	76.95
102	931	4	11.09
1033	101	7	28.92
175	147	3	6.52
102	879	5	15.63
102	1050	5	17.5
101	1736	3	10.45
109	237	4	5.82
156	220	4	16.08
3120	1022	3	49.34
624	104	3	6.3
139	127	6	5.95
126	107	12	6.13
117	521	5	22.89
162	247	13	90.07
729	104	3	7.35
267	127	3	7.92
219	107	5	7.73
391	798	4	44.9
1816	108	3	17.56
1117	5096	3	56.5
2104	111	5	38.39
102	676	5	12.43
12	344	7	5.06
101	721	3	4.66
125	196	3	4.9
110	526	3	8.99
104	102	137	57.97
39	177	9	45.99
104	242	10	18.59
8	2035	3	22.96
105	971	7	41.35
325	123	4	14.28
3333	12	4	19.75
57	8	9	12.69
520	113	5	21.16
102	1446	3	9.05
1061	14	8	25
2700	103	3	15.54
8	1593	8	79.43
189	14	29	29.58
296	159	8	52.39
555	9	3	13.69
149	118	13	27.08
174	132	7	21.45
122	659	3	13.07
103	1101	3	9.2
114	291	19	104.77
103	950	3	8.1
546	102	4	6.35
134	278	5	20.25
102	424	4	4.54
185	104	13	20.07
1853	119	3	19.76
111	149	7	5.06
114	470	5	19.89
690	101	3	4.45
1882	14	3	6.58
1290	14	3	4.44
2145	14	3	7.33
595	103	3	5.11
104	926	7	34.06
102	1192	3	8.1
439	12	9	14.56
3438	125	3	26.59
102	4958	3	22.09
876	14	5	8.61
155	212	3	10.05
555	201	5	42.91
296	118	4	11.07
435	153	3	15.59
156	3622	3	33.85
119	188	4	5.41
398	111	6	22.93
723	103	4	10.81
146	14	37	8.11
104	979	3	9.36
120	679	3	13
2847	240	3	35.61
282	149	3	11.88
2752	112	3	21.16
134	160	4	6.02
111	129	18	24.26
140	2214	4	37.17
102	343	13	35.85
135	910	12	113.13
145	517	3	15.52
114	501	4	14.94
513	12	7	10.08
170	314	8	57.97
108	452	3	7.93
117	1019	3	15.63
302	141	3	10.72
118	239	9	31.64
109	689	3	10.95
1220	14	9	34.37
139	760	3	17.29
3339	14	3	10.85
2430	14	3	8.24
702	14	10	25.89
113	145	21	48.73
3100	4790	3	64.78
130	547	3	14.07
139	153	11	33.83
140	474	3	13.93
106	577	5	20.24
12	124	623	3614.94
12	219	33	67.37
293	136	9	49.93
2769	14	4	15.72
102	1772	4	17.34
101	1098	3	7.23
238	124	3	6.45
12	475	29	132.87
805	14	4	4.62
143	565	20	193.04
148	180	3	6.93
102	2029	3	11.76
104	218	62	340.21
325	102	7	10.26
1880	12	3	7.6
115	1790	3	18.63
303	12	9	7.5
109	435	3	7.7
104	1442	6	33.06
138	813	5	35.32
129	1105	4	27.94
1920	329	6	83.83
112	229	5	9.2
389	116	4	13.5
112	120	37	68.43
205	136	3	6.69
122	114	15	10.17
1873	111	7	59.01
567	59	3	14.01
1004	120	3	15.65
126	380	3	10.82
778	14	4	4.32
130	340	6	29.69
231	331	5	38.08
3703	132	3	29.83
618	110	3	10.24
122	127	8	5.17
860	12	6	13.87
103	556	5	12.59
102	2044	3	11.76
101	795	9	36.73
294	153	8	49.25
4658	224	3	43.26
918	740	3	37.48
344	14	11	12.33
1459	14	3	5.37
236	111	5	9.6
1718	14	5	15.62
2831	14	3	9.37
253	380	3	21.74
114	5637	3	29.87
2797	170	3	31.58
147	688	3	17.99
131	12	52	22.17
1645	121	7	61.56
113	102	256	725.07
12	1535	6	22.31
281	786	3	28.57
103	300	7	12.16
640	14	10	23.39
1689	14	4	10.36
1336	101	9	51.41
352	201	3	19
111	118	18	11.75
577	12	5	5.62
679	711	3	34.58
108	361	3	6.47
105	291	27	149.97
1676	12	3	6.94
147	116	35	128.73
145	1185	3	21.52
199	166	3	10.31
1080	14	4	6.51
848	106	6	32.82
1161	108	3	14.55
274	596	3	25.94
107	505	16	102.68
101	221	10	8.63
115	424	4	13.57
203	104	7	6.5
223	8	3	6.16
426	12	6	5.31
16	206	4	7.39
243	121	13	57.89
174	104	14	21.42
783	119	4	20.87
820	12	11	39.7
134	461	3	13.22
512	598	3	30.99
101	1490	5	21.14
592	101	5	10.02
134	505	4	20.79
111	482	3	8.74
178	141	4	9.41
236	14	19	18.26
39	13	3	5.09
110	553	3	9.32
128	159	8	19.47
125	165	10	28.84
1526	125	3	20.47
102	1987	3	11.76
136	263	3	8.8
766	102	3	5.29
1408	119	4	26.35
122	186	11	35.82
122	139	21	53.57
121	4135	3	27.11
2718	12	3	10.46
102	655	7	21.66
445	153	3	15.73
8	2519	3	25.22
5928	14	3	17.35
140	59	6	6.58
118	911	18	178.23
1035	14	5	10.29
735	101	5	12.46
385	189	4	27.55
113	233	5	9.99
9	128	9	11.58
487	12	6	6.6
166	170	8	36.37
102	1850	3	10.94
106	349	5	14.36
12	332	9	9.1
1515	113	4	25.47
348	107	3	5.97
298	13	3	11.74
132	185	5	12.98
128	413	3	11.69
171	196	6	29.87
569	14	5	4.04
147	168	3	5.59
106	856	3	11.89
422	308	8	83.9
933	103	3	8.1
115	223	17	72.56
601	172	3	20.68
1165	12	3	4.98
612	222	12	133.37
2	393	3	7.33
167	102	12	5.41
1054	12	3	4.27
857	125	6	42.31
471	140	3	13.93
208	12	16	11.4
1137	12	4	8.3
141	282	3	10.19
114	399	4	12.75
102	457	5	8.24
272	114	4	8.69
111	122	25	31.85
676	14	6	8.89
1787	14	3	6.58
405	170	7	53.44
150	293	3	12.16
203	158	3	9.85
2138	12	4	13.95
12	2303	3	9.31
184	112	7	12.41
2	213	4	5.1
133	169	3	3.94
102	3707	3	17.64
119	120	17	18.04
119	281	3	6.55
269	122	4	10.54
305	194	3	17.34
164	301	3	14.29
184	152	4	12.31
16	162	10	23.08
454	116	3	9.47
168	120	4	3.96
106	2443	6	51.29
16	295	3	7.28
115	450	4	14.11
101	330	10	20.04
106	820	3	11.59
142	107	21	37.72
107	1257	5	30.57
2230	12	3	9.31
114	307	9	37.32
736	14	5	6.52
1849	14	3	6.58
369	14	21	53.06
127	2891	4	37.06
195	208	10	69.04
156	662	6	48.23
102	492	13	48.19
111	135	11	8.43
102	559	5	10.17
1038	102	3	7.31
123	137	27	89.59
120	619	5	25.85
104	2205	3	15.32
402	104	6	14.7
1227	12	3	4.98
310	123	3	8.89
3701	108	3	24.43
59	230	3	6.76
8	11	6	47.99
16	549	4	17.79
197	185	3	12.06
361	201	11	101.58
249	288	3	19.2
183	303	3	16.47
2003	109	3	18.44
194	679	3	23.35
101	2166	4	17.9
2811	12	3	10.46
2172	298	3	35.99
114	997	3	14.22
797	101	4	9.26
106	1232	5	29.41
118	4510	3	26.47
434	101	4	4.19
144	176	6	19.68
102	609	4	7.22
260	176	3	14.33
122	126	9	6.92
162	133	13	47.25
1403	12	4	10.14
102	2455	3	12.73
102	2591	3	13.92
2074	2051	7	142.94
104	117	50	49.79
127	3244	4	39.69
204	352	3	19
325	109	4	9.64
865	116	5	28.72
1240	132	3	20.35
361	575	3	28.33
987	104	4	14.87
117	377	8	38.35
103	198	15	26.97
166	141	6	15.19
1740	409	3	37.74
115	3274	3	23.3
134	800	4	25.58
102	990	3	6.96
492	101	5	8.2
12	110	96	20.48
107	800	4	18.04
955	118	4	22.38
406	119	3	9.21
132	165	5	9.74
110	139	16	21.98
104	352	8	21.1
1196	104	3	10.56
204	117	9	27.51
371	12	9	11.33
2858	12	3	10.46
128	129	7	7.05
102	5351	3	22.09
101	4525	3	17.13
178	170	3	9.71
116	235	3	4.18
181	848	3	24.16
160	118	8	13.59
112	105	111	301.13
111	906	3	13.02
3324	14	3	10.85
428	147	5	29.62
916	141	3	18.71
134	1054	4	28.01
130	309	3	10.08
162	146	12	48.29
102	223	45	173.27
450	104	5	11.79
306	131	14	90.41
176	102	10	4.52
1300	125	3	19.33
1068	12	3	4.27
2443	14	3	8.24
105	1165	3	13.18
138	168	5	11.54
582	14	10	20.59
117	779	5	28.15
1356	120	3	17.95
276	147	3	11.11
1266	101	3	8.09
2137	101	3	11.27
162	819	5	41.62
135	2490	4	36.43
105	399	21	126.37
1542	14	3	5.37
495	116	3	10.05
150	145	6	13.19
666	14	9	19.73
918	189	3	25.3
4008	9	4	44.77
1086	102	3	7.31
233	174	7	42.36
305	107	4	8.76
3345	12	4	19.75
127	1596	6	53.62
102	1381	5	20.87
154	410	3	15.79
120	996	3	15.65
119	247	4	8.67
101	456	4	4.61
106	954	8	51.47
12	610	9	20.81
117	1802	7	62.66
417	14	16	36.52
345	116	4	12.24
146	114	8	6.42
288	106	3	4.5
816	14	5	7.69
561	108	3	9.3
1164	101	3	7.64
247	122	5	13.6
2054	103	3	13.35
101	1343	3	8.58
1503	104	4	18.81
635	117	3	12.14
2733	925	3	46.97
149	384	5	29.17
118	330	9	42.18
141	112	12	12.84
161	258	3	12.25
105	1507	6	39.95
161	144	10	35.94
123	101	108	207.93
1836	14	3	6.58
101	1175	4	12.57
102	450	15	57.1
127	357	30	259.27
1199	101	7	31.33
124	136	33	126.68
163	844	4	31.81
107	340	6	19.21
101	560	9	27.4
121	2398	3	22.07
104	908	4	13.93
252	102	8	7.84
146	127	7	10.41
1937	12	4	12.77
392	109	4	11.61
106	4316	3	24.02
831	172	9	93.13
470	1640	4	53.38
2087	12	3	8.38
168	204	10	60.59
3102	112	5	49.07
133	12	51	22.28
158	153	4	9.03
59	381	4	17.51
12	1016	4	7.79
119	106	22	16.89
239	409	3	21.67
102	1463	3	9.6
2472	14	3	8.24
106	1900	4	25.73
114	329	3	6.66
414	16	4	15.37
588	431	4	42.41
440	117	4	15.06
664	135	3	15.79
428	107	3	7.32
103	361	8	19.52
1720	860	3	42.39
2821	12	3	10.46
152	3032	4	44.77
670	106	3	10.3
156	376	3	15.57
105	997	3	11.94
116	318	5	16.51
1800	101	3	10.45
1131	14	6	15.53
1102	105	4	19.5
1083	14	5	10.29
594	106	4	14.63
16	772	6	37.56
8	1949	6	58.07
128	118	10	8.19
380	201	10	91.4
2835	119	5	46.53
102	1908	4	17.34
127	2015	4	33.63
143	117	52	220.8
976	128	4	26.47
12	151	96	208.12
106	426	9	41.13
158	1015	3	22.59
1236	14	9	34.37
315	14	8	4.28
549	101	5	9.18
1891	14	5	17.01
966	14	4	5.66
380	575	4	40.75
4154	164	3	34.44
101	5538	3	21.58
583	101	4	6.21
101	1834	3	10.45
462	12	11	22.96
890	121	3	15.18
9	251	3	7.24
101	1756	4	16.68
1299	14	3	4.44
322	116	3	7.14
102	1082	3	7.31
614	103	4	9.1
192	141	15	77.4
379	106	3	6.41
540	598	4	44.34
105	2066	5	35.32
127	2329	3	23.98
424	113	3	8.38
3493	125	4	39.41
169	117	14	42.11
132	139	10	20.1
1743	113	3	18.47
350	135	3	11.21
416	422	3	27.31
117	3993	3	26.43
101	946	3	6.19
222	14	71	246.21
12	273	64	302
197	288	3	16.92
131	21	4	4.8
420	122	4	15.47
125	166	15	55.1
2751	101	3	13.43
125	14	212	462.02
136	262	4	13.9
106	297	4	8.19
136	132	7	9.67
12	527	7	10.41
106	105	53	61.43
1325	1600	6	104.61
2107	14	3	7.33
1030	109	6	36.89
5216	113	3	29.84
102	3199	4	24.5
110	495	4	13.8
8	1951	3	22.96
108	626	3	10.05
634	135	3	15.56
152	239	3	10.16
135	105	19	20.91
186	118	4	5.15
149	145	6	13.1
156	1016	3	22.95
189	9	6	16.73
138	143	21	78.19
101	3741	3	17.13
102	5035	3	22.09
104	3188	3	18.08
176	135	3	4.85
101	1381	4	13.94
650	121	4	19.72
165	184	3	9.14
1622	3988	3	54.8
1151	12	3	4.61
239	479	4	32.86
272	1126	9	117.15
449	104	3	4.4
125	599	3	13.81
101	223	32	93.82
564	303	4	38.03
1647	138	4	33.19
694	14	6	9.31
137	2834	3	26.53
105	484	4	11.59
151	953	4	30.42
177	167	7	33.34
115	180	4	3.99
104	958	3	9.02
844	14	4	4.94
101	2723	5	30.61
971	106	3	12.9
453	14	8	9.24
12	704	17	74.25
152	1773	3	25.88
112	1105	3	14.6
401	121	5	20.83
1158	156	3	23.84
317	102	5	4.62
159	107	11	17.19
5990	109	3	28.94
141	114	11	11.53
1402	14	3	4.88
6313	14	3	17.35
159	147	3	4.65
102	560	4	6.55
120	1889	8	77.37
127	584	3	14.01
195	144	35	257.91
830	172	3	23.26
180	287	13	108.83
237	240	4	24.23
104	873	5	19.81
118	1430	7	56.03
182	667	4	32.22
102	1175	4	13.21
188	147	3	7.02
499	108	3	8.64
1180	189	5	50.97
478	110	5	19.21
124	101	54	48.66
134	1107	3	19.5
106	647	10	59.75
119	194	8	21.73
145	1604	3	23.83
2	12	215	270.65
993	102	3	6.96
133	184	3	5.11
16	161	9	18.69
223	127	6	19.89
189	113	6	10.29
108	137	48	155.17
138	39	3	3.98
356	104	5	9.06
117	829	3	14.21
1034	12	5	11.99
149	102	16	4.9
165	168	3	7.72
486	14	11	20.41
107	1107	5	28.83
101	1463	4	14.74
127	331	32	273.29
889	103	3	7.79
251	101	9	9.03
323	114	4	10.74
181	1586	3	28.83
176	122	4	5.35
170	405	7	53.44
162	132	10	31.32
2927	14	3	9.37
1136	14	5	10.96
101	3245	4	23.82
552	102	5	9.9
102	608	4	7.22
280	133	3	9.39
101	1976	5	25.54
710	12	7	15.2
103	1222	4	15.3
1995	117	3	20.39
311	133	3	10.33
1235	678	6	87.5
1469	369	3	35.45
104	279	12	33.03
2894	14	3	9.37
1055	14	5	10.29
4546	108	3	24.43
218	13	3	8.58
110	141	10	7.49
529	114	3	9.68
110	212	4	5.04
204	308	3	18.12
427	111	5	18.14
151	16	5	3.9
693	101	3	4.45
106	568	3	8.92
106	397	7	27.06
12	284	10	8.48
117	4086	3	26.43
135	397	3	12.19
307	109	3	5.4
144	226	3	8.45
434	12	13	29.66
104	1198	5	23.29
819	111	5	26.12
109	288	4	8.41
173	159	4	12.99
207	342	4	27.79
117	403	5	19.96
354	12	8	7.69
101	655	8	25.79
16	724	3	13.71
1317	14	4	8.11
1936	14	3	6.58
231	239	7	49.9
102	2509	3	12.73
101	3198	3	14.96
634	103	3	5.64
101	5373	3	21.58
394	57	3	11.96
101	5449	3	21.58
858	14	7	16.07
118	4383	3	26.47
4193	112	4	39.25
102	794	3	5.78
12	1428	3	5.84
362	112	3	6.92
1418	125	3	19.88
156	285	7	42.9
114	2260	4	30.32
763	101	3	4.88
1725	111	6	45.32
406	120	3	9.39
110	185	7	11.89
350	103	4	4.63
132	14	57	20.32
104	489	15	73.57
1183	14	3	4.06
326	261	18	197.41
399	183	6	45.95
140	1114	8	72.81
2086	14	5	18.67
420	258	3	22.74
268	104	7	11.52
255	379	7	63.53
1162	121	12	115.04
101	964	3	6.19
524	121	8	46.45
59	177	14	60.35
167	135	6	14.94
113	5363	3	29.84
6	2562	3	47.75
106	4228	3	24.02
114	3939	3	25.39
101	457	18	74.56
147	143	5	7.92
1525	14	3	5.37
244	283	7	56.01
159	194	3	9.33
1075	111	3	14.11
2822	14	4	15.72
3477	14	3	10.85
2428	14	3	8.24
568	14	8	12.56
220	310	3	18.84
106	5683	3	28.5
296	102	8	11.75
1849	222	3	31.76
174	131	5	11.98
149	123	6	7.81
291	532	3	25.79
149	174	3	6.97
1375	644	3	39.18
142	120	22	58.53
1861	118	3	19.57
119	147	10	15.51
114	1497	5	34.72
104	2596	3	16.53
1890	12	3	7.6
158	112	12	22.93
12	4304	3	14.09
168	158	4	11.7
114	1395	5	33.59
422	534	3	29.01
1301	12	3	5.39
119	158	5	4.9
903	12	7	19.28
16	134	24	62.57
168	203	5	23.26
101	3048	4	23.82
733	14	16	62.9
116	710	6	33.92
101	5019	3	21.58
101	2897	3	13.43
741	407	3	31.27
461	116	5	21.06
108	101	142	184.89
138	136	15	43.14
103	867	3	7.49
234	102	14	22.85
1175	112	4	22.65
123	12	46	5.42
608	109	3	9.87
12	2109	3	8.38
992	12	5	11.36
185	204	4	18.91
111	102	115	139.25
57	1209	3	19.75
814	2230	3	44.73
165	469	3	17.61
141	111	26	60.3
161	208	4	15.8
418	126	6	31.48
108	555	4	14.65
302	114	6	19.53
1808	108	3	17.56
1732	14	7	28.61
119	350	4	13.03
181	472	4	28.8
226	107	6	11.51
12	829	4	6.15
101	559	7	17.69
399	287	3	23.71
59	632	3	15.02
1541	12	3	6.36
5693	8	3	33.51
127	1835	3	22.1
210	105	12	31.92
3344	14	3	10.85
197	14	15	4.54
1114	14	4	6.99
101	1623	4	15.64
144	85	5	8.9
113	118	15	7.98
102	962	4	11.09
545	106	6	25.81
166	14	35	24.51
535	135	3	14.2
109	140	63	242.85
104	1339	9	60.87
135	215	3	6.78
186	159	16	99.41
145	818	4	27.66
570	183	8	73.32
1597	114	3	17.75
131	436	3	12.52
106	215	7	14.23
1180	4	3	47.4
101	2591	3	13.43
204	530	3	22.1
116	151	27	90.54
121	470	3	10.52
13	115	14	24.67
194	973	3	26.08
178	186	3	10.93
308	303	6	53.4
110	543	3	9.15
584	588	4	45.37
1498	2727	3	50.3
726	12	4	4.91
234	233	4	23.53
164	1383	3	25.47
257	14	32	70.21
332	118	3	7.62
384	106	3	6.51
510	103	3	4.23
16	130	30	88.11
4303	111	3	24.87
1742	143	3	24.04
133	21	5	7.95
121	1043	4	24.26
396	12	16	39.86
119	104	43	36
286	1868	3	34.79
570	840	5	63.52
120	905	5	30.5
120	973	3	15.65
121	2327	3	22.07
102	1359	3	9.05
101	343	9	17.12
146	185	3	6.57
1829	101	3	10.45
102	4099	4	29.45
12	3383	4	19.75
1331	108	3	15.57
4232	111	4	39.14
129	105	74	248.56
374	136	8	48.23
1457	101	3	9.13
109	4473	3	24.46
485	12	10	19.98
114	517	4	15.16
261	104	7	10.76
206	140	6	21.67
111	109	29	24.3
120	2100	4	30.75
111	233	4	5.97
3275	1633	4	74.58
758	695	3	35.36
707	109	4	16.95
1107	12	3	4.61
528	170	3	19.33
109	253	7	18.45
556	272	4	36.44
127	1065	3	18.17
272	809	3	28.35
144	145	4	4.97
211	57	5	15.29
2768	14	3	9.37
103	219	20	52.21
135	484	5	27.82
106	1200	4	21.43
166	111	10	17.53
2542	108	3	20.65
379	16	9	47.33
101	930	3	6.19
101	1065	4	11.44
120	311	4	12.29
3050	4636	3	64.78
1506	989	3	42.78
101	2134	4	17.9
105	804	6	30.19
177	613	5	41.07
157	12	23	7.06
110	113	20	10.27
132	202	3	6.23
442	104	4	7.65
288	820	4	41.27
308	12	12	16.17
796	109	7	41.05
344	170	3	16.32
1929	102	3	10.94
104	207	66	359.81
101	809	4	9.26
841	14	6	11.86
785	116	3	13.32
1874	155	3	26.76
172	101	29	50.61
136	147	7	13.75
136	203	5	15.73
438	14	6	3.98
2066	1274	6	107.76
119	600	6	32.13
232	432	7	63.49
102	692	5	12.81
916	111	10	71.75
102	844	5	15.08
102	776	14	74.67
103	475	5	10.79
140	213	4	11.66
850	2	5	26.4
246	119	3	5.04
245	137	9	43.24
112	107	49	77.29
102	795	7	25.52
122	112	16	10.69
102	675	3	4.66
122	237	3	5.14
109	493	3	8.52
104	1511	4	18.81
140	241	4	12.9
358	105	4	8.92
117	183	7	15.19
290	122	24	159.63
1424	14	5	13.41
16	618	3	12.56
13	136	5	6.91
2648	121	4	34.51
2898	485	3	42.04
110	2935	3	20.86
103	1400	4	16.69
131	137	13	30.9
1580	501	3	38.47
255	444	3	22.97
739	339	3	29.62
102	1638	4	16.29
137	651	7	50.55
102	1742	3	10.94
102	1818	4	17.34
544	172	13	129.32
4207	14	4	23.13
3426	14	3	10.85
101	4280	3	17.13
196	364	3	18.86
231	357	11	105.25
1960	101	5	25.54
3457	14	3	10.85
2362	12	3	9.31
9	12	56	22.5
114	982	5	29.37
144	161	4	7.7
102	880	8	33.6
144	102	24	13.35
2257	109	6	52.18
59	1491	3	21.08
117	1033	5	31.79
2005	14	3	7.33
751	114	3	12.34
154	105	35	111.15
102	1311	3	8.55
922	59	3	17.8
2393	111	3	19.85
213	235	8	56.85
869	1832	3	43.15
146	170	4	9.27
1753	873	8	142.86
324	133	4	16.24
700	102	3	4.86
13	693	3	18.12
2	115	27	25.5
611	287	4	38.17
12	2195	3	9.31
1592	123	3	20.61
168	104	12	12.1
1719	125	4	31
493	201	4	31.2
102	1387	3	9.05
124	539	3	12.95
209	159	3	10.06
268	861	5	53.21
12	852	4	6.15
102	221	22	50.98
101	1412	3	8.58
101	1531	7	36.15
2159	14	5	18.67
652	123	7	45.76
240	121	3	5.13
412	102	5	7.1
129	397	5	24.6
161	412	3	16.42
446	356	4	37.49
154	215	7	34.67
101	591	21	112.68
355	9	3	10.46
119	383	3	8.86
119	443	4	15.35
102	4065	3	17.64
345	240	3	20.28
229	1177	3	28.92
744	12	7	16.4
161	175	3	8.38
906	109	3	12.63
1534	125	8	76
107	1510	3	15.89
111	327	3	6.14
4222	101	4	28.77
859	14	4	4.94
107	1120	3	13.84
1203	14	9	34.37
111	529	3	9.2
134	353	5	23.69
176	118	4	4.65
83	9	3	14.47
103	1019	3	8.8
240	104	7	8.9
12	3540	3	11.95
149	109	7	4.47
1470	131	3	21.32
495	12	7	9.76
327	117	3	7.49
1159	172	4	36.79
102	1364	3	9.05
154	367	4	22.28
107	353	4	10
57	14	88	77.65
727	101	5	12.46
142	105	29	58.89
39	230	3	11.49
128	145	13	33.67
1261	101	3	8.09
140	1385	3	21.59
204	498	3	21.75
253	120	3	5.49
105	893	3	11.25
4622	111	3	24.87
1081	12	3	4.27
136	119	9	8.77
2365	2630	4	75.85
200	12	13	5.33
107	996	5	27.36
112	228	6	12.93
160	102	15	7.66
101	2047	6	34.27
102	674	4	8.25
102	750	6	18.64
122	113	25	34.98
121	4142	4	42.13
45	12	68	163.18
156	555	3	18.34
339	183	11	94.13
117	214	4	6.96
441	164	3	17.3
85	147	4	6.22
126	120	12	13.12
1265	9	3	19.6
570	1325	3	37.91
390	254	3	22.11
101	1654	3	9.75
12	169	17	3.9
109	3690	3	24.46
114	1827	3	18.5
321	12	9	8.47
101	896	7	26.01
101	1031	11	59.54
121	5042	3	31.59
132	180	3	4.94
183	167	3	9.65
157	136	5	9.6
132	114	9	5.34
3764	14	3	12.96
101	2315	4	19.38
427	14	11	17.44
152	1326	4	34.53
101	983	3	6.51
120	340	4	13.01
999	183	7	73.04
222	155	5	22.12
106	411	13	68.75
131	101	74	122.71
1169	101	4	12.57
1308	12	5	14.26
315	113	5	15.32
115	795	5	27.18
110	305	3	5.48
85	107	16	27.37
404	128	3	11.57
162	433	5	33.59
139	237	3	7.98
109	270	13	53.33
149	1012	3	21.21
139	156	8	22.34
145	2262	3	26.47
152	357	3	14.13
143	1360	4	32.07
789	3554	3	47.26
263	106	6	13.91
1563	14	3	5.37
122	196	5	10.19
102	721	3	5.07
273	136	8	40.36
186	122	7	16.92
245	101	25	67.65
270	1106	3	30.41
1052	113	3	14.58
218	158	4	16.14
256	1357	3	31.2
236	156	3	11.02
523	109	3	8.82
128	102	41	30.9
125	236	10	44.32
105	2142	3	17.02
125	304	3	9.05
101	676	8	26.45
921	201	3	26.32
459	16	3	10.51
103	1316	6	29.82
274	101	19	50.5
110	1066	3	13.89
2	199	4	4.58
1384	112	4	24.1
200	824	4	36.18
2968	121	3	24.88
107	504	10	52.82
701	12	5	7.68
101	1386	3	8.58
5749	14	3	17.35
1062	14	5	10.29
1535	111	6	43.64
105	1185	3	13.18
155	14	82	155.22
4249	111	3	24.87
1749	101	3	10.45
129	367	3	11.12
5883	14	3	17.35
118	255	6	17.85
247	248	3	17.15
1295	14	5	12.5
108	436	4	12.4
256	694	7	74.94
446	331	4	36.8
112	1090	3	14.6
153	151	3	4.25
101	1192	3	7.64
159	104	11	6.99
2668	12	4	17.21
411	12	6	4.94
101	424	5	6.79
115	221	5	9.65
252	118	5	13
146	141	9	21.44
288	132	5	20.82
547	101	4	5.81
560	103	4	8.4
265	116	4	8.98
337	14	11	11.75
231	309	4	27.96
186	141	11	48.1
12	1109	6	17.65
177	3446	3	34.07
316	116	10	46.96
12	348	35	140.18
103	1201	3	9.62
107	1049	3	13.43
102	2070	3	11.76
39	115	7	9.62
110	379	7	27.6
213	1073	3	27.5
116	163	5	4.77
218	128	4	10.34
110	191	5	6.43
8	1730	5	42.04
511	12	5	4.52
483	267	3	24.16
116	417	4	14.15
151	235	12	72.06
2101	14	3	7.33
107	793	6	32.44
101	974	4	10.94
1218	14	9	34.37
1730	9	5	42.14
9	164	5	8.66
1013	14	5	9.69
114	1052	6	38.73
211	116	5	9.97
144	14	84	106.19
385	156	3	15.81
2464	102	4	20.04
139	191	7	24.99
1016	501	3	35.25
173	170	13	78.82
126	2	14	11.36
159	184	3	8.66
1235	3990	3	52.47
206	242	3	15.28
951	131	3	18.03
161	111	7	7.59
338	103	9	22.49
291	183	16	142.3
220	201	5	29.07
141	145	6	10.07
1248	101	3	8.09
595	14	7	10.1
105	214	17	57.43
167	196	3	10.43
16	358	3	8.73
114	4113	4	39.84
102	1188	4	13.21
105	3008	3	20.81
104	2345	4	23.54
124	119	52	185.22
171	102	61	204.33
274	1105	3	30.63
124	228	3	6.04
102	1493	4	15.39
105	4928	3	27.5
119	213	3	3.98
119	142	12	18.59
104	2602	6	49.5
124	365	3	10.41
12	1007	4	7.33
121	1035	12	108.55
133	147	4	3.85
169	978	10	109.55
133	203	3	6.23
1124	266	3	30.21
537	110	5	20.31
180	1169	4	37.91
296	111	3	5.38
138	120	10	12.08
149	180	3	7.19
202	241	6	38.66
2744	121	3	23.31
102	174	14	12.2
137	1164	3	20.35
181	1397	6	65.54
287	135	4	15.09
16	1464	4	27.76
118	384	7	31.98
106	3350	4	33.02
313	119	16	93.79
152	2410	5	53.86
276	12	21	41.93
138	193	4	10.26
114	183	22	88.65
106	1891	7	57.02
503	110	5	19.75
145	241	5	19.8
592	171	3	20.42
165	203	4	16.05
102	340	5	5.2
114	1611	4	26.46
320	122	4	12.79
120	902	4	22.4
269	111	3	4.46
164	120	8	15.26
278	119	4	10.44
133	107	15	14.96
101	5081	3	21.58
547	121	3	11.62
4953	3981	3	67.01
3321	12	4	19.75
107	3070	3	21.95
2	381	3	7.12
199	173	5	24.68
124	194	4	8.28
1687	14	3	5.93
750	108	4	17.61
171	145	6	18.58
1359	103	5	23.55
3116	103	3	17.09
170	173	4	14.81
114	589	10	60.94
1720	14	3	5.93
170	122	5	7.4
317	114	3	6.41
101	1182	9	46.77
185	143	9	36.57
159	168	3	7.25
3452	14	3	10.85
291	287	7	61.61
633	303	3	27.7
108	350	5	14.99
161	321	4	21.61
230	107	12	38.86
1171	12	3	4.98
101	1617	3	9.75
144	211	3	7.93
106	1299	3	14.63
571	111	4	15.2
424	103	4	6.25
470	432	7	78.98
385	201	10	92.27
139	118	17	33.5
1383	103	3	10.6
115	602	6	30.33
110	118	55	129.32
107	842	4	18.46
1496	12	9	45.25
12	209	100	463.92
101	806	8	30.36
125	175	16	69.64
127	1948	3	22.96
616	745	3	34.2
101	754	12	55.1
125	278	3	8.18
451	1117	3	34.89
136	200	3	6.58
382	119	6	25.87
120	2799	3	23.06
944	14	4	5.66
594	101	5	10.02
1511	101	3	9.13
121	1129	3	16.71
246	116	3	4.61
162	110	48	221.8
139	362	3	12
102	695	4	8.54
122	249	5	13.78
122	149	9	14.9
102	771	5	14.1
301	109	3	5.18
186	165	7	32.82
353	119	8	37.12
259	105	13	45.07
105	678	3	9.38
1434	111	3	15.99
3314	108	3	22.22
623	101	4	6.89
222	160	3	10.66
433	119	3	9.7
12	188	40	72.57
268	128	3	8.14
12	133	36	4.56
102	973	4	11.56
379	12	6	4.12
173	141	9	34.06
126	59	17	40.13
201	126	5	13.55
1197	110	3	14.75
368	106	5	15.04
1950	355	3	37.42
358	334	3	24.23
105	1745	3	16.17
1101	150	3	22.09
375	103	4	5.31
1208	14	5	11.69
757	101	8	28.66
122	129	12	15.71
692	113	3	11.8
102	650	6	16.64
353	107	5	14.59
186	170	7	34.94
2936	172	3	33.4
120	388	6	26.49
382	107	3	6.64
990	109	6	36
103	1108	4	14.69
1975	936	8	150.27
477	194	5	40.09
128	14	55	12.29
110	413	3	7.5
292	189	29	305.88
119	168	5	6.35
120	947	5	31.12
687	14	10	25.01
269	114	3	4.88
299	156	4	20.48
158	135	6	12.84
105	474	3	6.95
133	119	22	50.33
149	153	3	4.19
180	532	3	20.56
109	889	3	12.63
117	804	3	13.9
12	1713	10	61.66
106	1940	3	17.15
176	196	3	11.47
114	214	5	9.13
1148	329	3	32.49
105	4053	3	23.02
1057	9	13	130.26
103	751	5	16.19
225	214	3	14.94
134	320	3	10.52
102	394	6	9.94
328	106	4	9.23
1138	101	4	11.98
111	114	15	4
101	3936	3	17.13
252	113	4	7.53
324	12	13	20.35
115	174	5	6.31
105	220	7	12.55
1900	12	4	12.77
2077	1591	6	112.25
101	548	6	13.02
1109	101	6	23.47
107	320	3	5.39
237	106	10	29.42
466	1804	3	38.59
102	3986	3	17.64
364	14	8	6.21
504	108	3	8.64
960	311	3	30.9
115	340	3	6.95
989	107	3	13.04
439	121	9	51.07
102	1181	3	8.1
101	519	19	87.86
124	107	34	68.02
102	347	11	27.05
170	258	3	13.5
145	386	4	20.38
108	380	3	6.77
138	351	7	39.2
2198	9	3	24.04
208	147	3	8.28
2342	103	4	22.22
395	14	11	15.76
3563	14	3	10.85
3105	103	5	39.58
652	14	6	8.49
162	703	3	20.47
8	9	10	14.04
180	535	3	20.56
4185	1811	3	55.56
120	984	3	15.65
1015	12	5	11.36
2064	12	4	13.95
151	4385	3	32.57
102	1572	6	29.27
209	113	4	5.53
1189	12	3	4.98
4597	12	3	14.09
119	184	10	29.07
360	104	5	9.21
292	174	5	31.31
104	796	4	13.1
398	108	3	7.09
136	116	14	21.11
1108	14	4	6.99
238	16	6	17.58
136	285	3	9.92
148	118	6	4.82
125	85	6	8.19
125	205	8	28.67
101	636	9	30.63
12	2835	4	17.21
128	314	4	15.19
130	1386	3	20.72
289	139	6	28.42
13	209	3	8.16
3449	119	4	36.54
106	1476	4	23.7
114	807	3	12.9
114	747	14	108.88
102	602	8	25.23
122	118	19	23.93
797	106	3	11.59
322	262	3	20.79
122	362	3	8.91
156	163	11	50.8
109	117	162	723.23
140	470	3	13.79
85	151	7	18.78
183	104	8	6.33
110	149	8	6.79
115	771	3	12.74
101	2236	3	12.24
12	290	73	425.74
101	891	5	14.84
120	221	11	41.78
117	1088	3	16.04
730	9	21	217.54
223	1290	3	29.22
319	116	10	46.96
101	1213	4	12.57
408	119	6	26.61
206	117	17	74.33
145	377	3	13.32
391	410	16	205.65
12	788	4	5.49
2672	4107	3	58.7
167	141	7	20.93
101	2735	3	13.43
524	101	17	73.58
158	362	4	22.7
115	275	11	46.41
657	9	16	142.96
105	586	4	13.38
3951	14	3	12.96
550	122	3	11.69
137	2742	4	38.83
118	1120	3	16.09
3326	14	3	10.85
643	12	13	42.9
209	170	3	11.42
153	1183	3	22.83
704	119	22	210.56
134	554	4	21.49
2473	102	4	20.04
112	797	3	12.48
176	170	3	9.56
129	452	4	19.11
4590	14	3	12.96
114	3102	4	34.84
803	114	3	12.9
2412	14	3	8.24
552	14	8	12.13
102	605	9	30.69
3728	800	3	49.79
2774	14	3	9.37
645	121	3	13
196	240	4	21.7
290	112	3	5.25
178	102	12	8.41
105	883	6	31.58
106	257	10	32.38
136	219	3	7.21
125	208	4	9.34
2328	2304	4	73.93
756	118	3	13.38
106	571	4	14.13
101	890	4	10.05
120	283	11	52.29
101	1093	3	7.23
239	633	3	24.89
110	258	4	7.09
298	12	13	17.7
183	158	3	8.55
917	12	4	6.51
190	193	4	18.43
1042	112	3	14.19
1877	12	4	12.77
169	1599	6	65.98
85	316	4	19.17
126	220	4	9.98
112	371	3	7.12
833	132	3	17.53
322	194	3	17.79
572	110	4	15.16
256	329	3	20.73
102	2295	3	12.73
126	136	13	27.96
390	160	4	23.88
250	102	17	37.62
4750	123	3	32.77
1320	12	6	19.71
103	107	54	22.16
114	1017	5	30.07
106	1315	8	58.79
821	630	3	35.22
101	941	3	6.19
293	119	8	32.92
204	201	8	52.56
102	3270	4	24.5
105	988	3	11.94
128	111	42	115.42
125	102	27	6.12
102	1983	3	11.76
2051	2630	4	74.32
1215	12	3	4.98
400	139	6	33.81
121	4063	3	27.11
205	119	4	6.77
1340	112	3	16.07
112	137	14	16.94
12	1291	3	5.39
121	1264	3	17.65
5545	101	3	21.58
318	114	4	10.62
179	122	4	5.62
8	625	3	14.42
2470	14	6	29.07
2418	111	4	29.63
105	3996	4	36.67
101	1376	8	42.49
2816	111	5	43.54
2011	14	3	7.33
105	1195	5	27.77
6142	492	3	50.52
126	1868	3	21.98
101	3094	3	14.96
928	59	3	17.8
248	16	5	13.48
119	116	25	36.63
104	2633	4	25.43
422	409	3	27.18
755	120	3	13.75
2554	582	3	43.28
1544	157	3	25.51
164	105	34	117.01
120	962	3	15.29
2548	101	3	13.43
12	783	4	5.49
1267	14	3	4.44
188	110	13	36.65
5879	14	3	17.35
1922	14	5	17.01
104	1096	3	10.13
145	4047	3	31.52
324	2	5	14.48
453	102	6	11.56
117	1764	3	19.53
4621	28	4	78.63
302	109	4	8.89
102	2685	3	13.92
105	1502	4	22.39
214	1642	3	30.76
104	3651	3	20.28
114	573	3	10.36
2169	14	3	7.33
1234	14	5	11.69
111	288	5	13.12
111	126	14	11.86
168	151	4	10.12
510	112	11	63.36
351	12	12	19.17
327	140	4	17.26
133	104	17	6.14
127	3815	4	44.69
713	287	3	27.91
12	1088	3	4.61
12	909	5	10.24
209	141	8	33.8
142	198	8	33.05
101	232	23	54.75
152	1950	3	26.75
137	494	4	21.08
269	14	12	7.97
176	141	3	5.44
650	101	3	4.07
120	1671	3	19.2
102	275	28	103.75
149	139	31	155.77
12	3524	4	19.75
440	223	6	51.96
129	406	9	55.86
652	127	3	14.85
107	4160	3	24.17
12	3373	5	30.83
633	12	7	13.64
141	109	16	22.11
758	330	3	29.69
691	143	5	34.22
123	105	56	136.91
401	101	26	120.65
12	1932	3	7.6
2976	14	3	10.85
114	586	14	97.09
1003	14	8	23.78
531	9	19	164.95
116	3457	3	23.91
1209	14	4	7.52
159	116	5	4.34
134	268	7	32.06
131	616	3	14.83
199	176	8	47.37
239	308	4	28.39
107	268	20	98.05
102	1139	3	7.69
120	828	6	37.75
107	185	5	5.26
4961	101	3	21.58
101	489	4	5.09
188	116	4	4.87
772	107	4	17.64
2756	521	3	42.54
114	4011	3	25.39
106	2147	4	26.98
167	170	4	13.54
2	382	4	11.61
293	107	4	8.17
12	204	12	4.1
197	102	10	7.21
102	3580	3	15.46
1522	14	5	14.44
298	136	3	10.3
1012	535	5	64.78
678	14	5	5.85
110	122	22	22.61
207	520	5	42.27
571	14	8	12.56
799	5695	3	54.29
196	439	3	20.25
101	1626	4	15.64
175	12	27	26.69
102	889	5	15.63
144	202	3	7.66
106	1234	3	14.14
103	228	7	6.4
1056	12	5	11.99
114	883	5	28.09
122	258	7	24.83
101	2019	6	34.27
1269	12	3	5.39
808	109	12	87.32
205	107	5	6.95
114	840	6	35.52
1707	1592	3	47.08
8	749	3	15.85
118	890	11	87.85
110	1239	4	22.24
720	108	3	11.17
102	1980	3	11.76
2751	121	3	23.31
2118	125	3	22.76
101	663	3	4.07
627	117	7	40.37
106	125	20	22.67
264	102	6	4.12
128	127	12	20.76
128	270	3	8.2
114	3230	5	49.8
843	121	3	14.86
325	113	3	6.47
101	2507	4	19.38
151	345	10	70.27
710	16	4	20.34
101	652	4	7.4
101	832	7	25.18
4991	14	3	17.35
112	101	101	92.15
767	14	5	6.88
1	9	3	6.25
2754	164	3	30.63
122	243	4	8.88
8	722	8	58.99
1296	119	3	17.21
109	242	13	46.92
556	172	4	29.21
102	2154	3	11.76
335	201	4	27.29
145	913	3	19.52
4468	183	3	36.6
649	14	5	5.55
144	111	30	84.6
102	874	3	6.33
113	196	4	4.77
2489	14	5	20.77
144	236	3	8.82
12	306	10	10.09
688	116	8	49.79
102	1812	3	10.94
2460	14	4	13.91
118	1888	4	28.98
132	102	45	46.5
104	492	8	27.87
110	135	10	6
5948	2611	3	63.19
371	104	4	6.23
102	1122	4	12.61
331	104	6	11.9
1246	684	12	209.84
662	12	7	14.13
127	4035	4	44.69
167	185	4	15.18
16	425	3	9.97
146	118	12	20.15
16	477	5	23.13
101	3967	3	17.13
302	327	4	32.52
2911	14	3	9.37
1072	14	4	6.51
408	107	5	16.41
170	191	4	16.15
101	1422	3	8.58
165	104	10	6.25
135	693	3	16.27
323	109	3	5.71
673	107	4	16.25
925	128	3	17.58
412	111	5	17.71
120	2199	3	21.83
118	1302	7	54.4
258	118	3	5.38
16	45	6	10.43
954	14	6	13.15
119	151	11	20.55
812	12	4	5.81
209	165	4	16.27
101	275	33	129.73
102	1375	4	14.58
305	116	4	11.07
1572	103	4	17.51
12	992	6	15.95
106	643	4	15.45
856	14	6	11.86
101	5165	3	21.58
133	188	3	5.19
387	12	15	34.7
3539	12	3	11.95
105	377	10	41.65
2	244	4	6.26
2	296	4	8.98
296	170	6	38.57
1007	133	3	18.57
1266	121	3	17.65
803	113	3	12.87
103	2294	4	22.22
615	101	6	14.47
101	1602	3	9.75
111	524	3	9.2
1085	141	4	29.01
102	232	13	19.41
135	823	5	34.52
251	105	4	4.93
145	59	7	11.09
1116	5186	3	56.5
111	185	5	6.12
134	166	7	18.1
127	446	8	48.37
2592	101	5	30.61
114	355	10	47.34
374	107	3	6.44
104	1809	3	13.49
141	129	7	9.65
2068	109	3	18.44
3518	4119	3	60.28
117	1780	3	19.53
104	945	4	14.39
177	146	7	25.39
107	239	4	5.57
102	1323	3	8.55
101	446	7	14.14
102	1255	6	26.59
12	683	6	10.78
12	735	4	4.91
132	122	8	6.55
121	214	8	25.44
2426	14	3	8.24
5691	5357	3	71.51
105	779	4	16.18
151	124	5	5.73
1150	102	3	7.69
197	135	5	14.49
106	513	9	44.97
210	137	7	27.24
116	2770	3	22.33
106	1279	4	22.11
1514	109	6	42.82
106	1159	3	14.14
102	996	4	11.56
113	253	4	7.6
113	202	17	67.47
854	125	3	16.53
1132	12	8	29.26
333	101	44	245.59
139	145	7	13.13
679	14	5	5.85
156	106	37	138.13
404	16	5	21.01
173	111	21	75.76
140	484	3	14.09
375	85	4	20.97
115	1648	3	17.88
430	14	15	32.89
3623	564	3	46.91
103	398	4	5.69
273	119	6	19.82
187	1580	3	29.03
963	12	9	31.39
113	456	4	14.09
101	2056	4	17.9
238	119	7	21.62
12	536	20	76.95
12	433	8	10.98
116	281	4	10.17
13	147	6	12.81
1009	101	3	6.51
403	14	9	10.17
606	110	3	10.04
106	241	9	24.83
112	1460	4	24.94
131	562	4	21.36
116	131	9	6.37
13	107	10	9.01
365	235	5	39.69
236	102	10	11.3
104	270	8	15.16
126	438	3	11.8
117	307	3	7.08
126	386	3	11.05
2912	125	3	25.01
135	2901	4	38.35
109	384	3	6.9
177	1691	5	54.2
130	330	12	76.21
135	101	38	27.2
731	14	8	17.54
12	1141	3	4.61
890	101	6	20.18
113	111	15	3.93
111	625	3	10.46
4853	103	3	23.75
614	14	5	4.73
201	282	3	17.21
101	5664	3	21.58
207	566	5	43.21
107	5435	3	28.65
583	121	4	18.31
1022	12	4	7.79
393	528	3	28.31
1005	102	4	11.56
101	2325	3	12.24
1232	12	5	13.42
204	153	3	8.88
110	102	70	33.74
118	1931	4	28.98
104	585	11	51.1
826	175	3	23.52
104	375	24	127.3
169	2979	3	32.95
107	645	9	51.92
102	1779	3	10.94
101	874	4	10.05
644	14	5	5.55
104	1037	6	28.66
2914	14	3	9.37
6265	101	3	21.58
217	141	8	34.88
2	396	3	7.33
167	14	20	3.94
1568	143	3	22.62
569	102	5	10.17
199	160	4	15.39
2808	12	3	10.46
114	1266	8	62.44
478	247	3	23.16
8	4008	4	44.69
101	483	15	57.28
198	592	3	22.56
120	630	7	41.91
6353	12	3	18.5
101	1122	8	37.21
551	12	13	36.9
444	107	7	29.27
929	108	4	19.72
8	544	3	13.45
516	575	3	30.96
5881	680	3	52.92
127	2667	5	50.47
108	367	3	6.57
117	997	3	15.24
536	101	5	8.92
1973	1335	6	109.07
207	769	3	25.2
105	1129	3	12.73
104	3192	3	18.08
108	3031	3	22.22
597	174	3	21.05
239	534	3	23.49
12	4398	3	14.09
243	225	4	23.49
105	436	3	6.44
271	150	3	11.3
2	13	19	39.08
585	103	4	8.86
407	111	4	12.27
12	1933	8	43.14
112	1018	11	88.21
133	1320	3	20.35
5110	103	3	23.75
230	105	9	21.14
114	4164	3	25.39
1471	9	5	40.85
899	14	5	8.61
248	349	3	20.72
199	226	6	37.35
933	8	3	17.4
439	148	7	47.65
119	235	4	8.04
422	479	4	40.28
106	2470	7	66.52
104	656	17	105.06
1738	9	3	22.16
184	118	4	5.12
107	2674	3	20.38
127	3816	3	29.02
115	1255	3	16.1
659	122	4	19.81
555	292	3	26.24
276	110	4	8.09
189	85	4	11.96
108	105	45	45.83
4228	12	3	14.09
106	1897	5	35.21
4740	5197	3	71.51
127	309	5	20.76
118	957	4	22.38
5137	309	3	47.01
1793	108	4	26.27
122	145	9	12.55
112	317	3	6.04
186	111	7	12.32
106	1564	7	52.17
148	145	7	16.56
2779	14	3	9.37
172	106	5	3.87
459	110	4	13.2
101	605	6	14.47
120	457	3	10.29
102	2057	4	18.56
4679	9	3	33.57
114	2059	3	19.36
116	323	5	16.66
253	142	15	93.51
3124	144	3	29.25
110	368	4	11.1
220	1825	4	45.22
255	2844	3	36.37
151	213	4	14.17
882	148	3	20.19
1255	12	4	9.46
157	107	9	11.07
210	101	18	30.45
143	180	8	30.05
102	1648	4	16.29
348	116	4	12.37
187	584	3	21.58
12	147	96	189.81
304	111	7	23.95
12	246	44	134.41
1302	1483	3	44.58
113	283	3	5.45
101	1831	4	16.68
101	1763	7	40.93
5968	14	3	17.35
103	229	16	36.46
1412	309	3	33.52
109	207	5	7.51
177	1901	3	29.35
277	153	3	11.91
190	107	7	11.6
112	421	4	12.7
854	12	8	23.53
583	261	3	25.06
8	1021	3	18.17
1437	14	6	18.75
679	126	3	14.97
1153	224	3	28.72
85	136	4	4.53
864	9	11	95.77
168	865	4	32.84
157	147	4	8.03
1576	308	4	49.29
101	2295	3	12.24
204	180	3	12.26
116	351	8	35.74
112	1112	3	14.6
12	107	206	215.51
354	104	4	5.76
12	486	5	4.15
106	137	48	148.93
238	107	10	30.04
102	2068	5	26.38
107	1051	3	13.43
148	102	83	234.45
128	196	3	5.22
1173	9	7	59.02
771	108	3	11.7
325	114	4	10.74
178	122	13	45.13
116	106	26	22.69
1736	355	3	36.55
141	967	3	19.06
4212	14	3	12.96
246	136	5	18.45
135	137	18	55.33
273	107	8	24.69
122	102	65	60.26
45	177	3	9.6
101	2035	3	11.27
932	104	4	14.39
296	165	6	36.72
108	312	4	9.38
285	104	4	3.93
141	400	3	12.88
121	5612	3	31.59
2541	101	4	21.24
112	596	3	10.14
176	14	27	19.63
546	111	3	9.53
591	106	3	9.27
377	152	6	37.68
114	1501	4	25.51
158	109	7	6.58
3663	123	3	28.28
150	140	4	5.07
537	12	8	14.23
5335	5526	3	71.51
279	723	4	39.47
59	115	12	10.83
554	101	4	5.81
626	120	4	18.8
107	221	13	42.68
2170	14	4	12.5
254	116	3	4.9
124	215	3	5.68
163	680	23	280.88
142	436	3	13.7
373	168	3	16.67
1270	14	3	4.44
568	103	3	4.8
374	119	4	13.72
117	887	3	14.53
302	129	7	33.97
108	397	4	11.58
141	149	4	5.18
109	670	3	10.72
1673	125	4	31
181	885	6	58.49
4204	722	3	48.93
367	356	6	58.7
101	1024	11	59.54
107	794	5	24.97
137	759	4	25.31
1824	12	4	12.77
861	14	8	20.71
1040	108	3	13.68
116	551	3	10.7
121	59	10	10.14
114	2317	3	20.37
339	567	4	39.3
232	1601	5	58.91
166	149	3	5.53
1518	2727	3	50.3
114	934	3	13.86
103	188	20	40.59
484	499	4	41.92
144	165	23	124.03
746	12	6	12.19
118	4394	3	26.47
620	102	5	11.37
1157	172	3	25.6
122	109	19	14.89
102	679	4	8.25
122	233	6	17.15
1412	394	3	35.45
506	106	4	13.23
358	101	9	17.98
128	185	4	8.07
2116	14	3	7.33
525	12	11	25.86
101	650	3	4.07
515	102	4	5.78
1686	12	5	17.44
2	177	40	198.93
146	368	4	19.8
258	123	3	6.91
727	16	5	28.28
101	311	7	8.99
209	111	4	5.04
119	143	9	10.15
1675	14	4	10.36
450	110	3	8.12
3507	14	3	10.85
145	214	13	72.42
176	111	11	26.45
673	105	4	14.8
251	120	3	5.34
117	773	4	20.57
680	128	3	15.26
138	119	21	50.19
2934	12	3	10.46
126	918	4	25.56
285	107	3	4.55
149	113	21	54.95
8	253	3	7.34
120	5283	3	31.35
4753	112	3	29.44
1973	1454	6	110.55
159	136	8	22.17
101	1154	4	12.57
121	5422	3	31.59
102	548	7	18.34
107	1499	5	32.7
154	101	61	150.42
101	394	27	128.13
154	241	4	16.56
1378	14	3	4.88
2047	101	3	11.27
124	120	9	5.91
196	1635	3	29.74
168	345	7	49.67
104	929	5	20.4
114	4054	4	39.84
147	158	4	8.06
147	107	8	5.11
226	12	11	4.42
101	347	40	217.15
1252	148	3	22.69
188	125	3	4.38
1444	14	5	13.41
105	241	7	14.07
359	14	8	5.81
6288	14	3	17.35
107	3841	3	24.17
129	101	118	290.72
1951	9	3	23.02
114	588	5	22.76
114	521	4	15.16
111	112	33	37.54
102	519	5	9.38
111	156	6	4.88
3081	113	3	23.14
234	408	4	30.77
363	104	5	9.53
1188	12	4	8.85
114	335	7	27
170	368	3	16.85
592	121	3	12.17
1014	12	5	11.36
2452	14	4	13.91
1565	14	4	9.51
203	168	4	16.85
984	767	3	37.86
810	126	3	16.3
168	143	9	31.95
168	317	4	22.92
184	122	11	35.7
243	101	36	123.43
393	763	3	31.14
351	110	6	20.5
237	448	3	22.31
472	303	3	25.46
979	12	3	3.97
3003	3214	5	114.08
102	3187	3	15.46
548	135	3	14.38
109	1272	6	40.07
104	140	74	211.41
125	176	10	34.25
459	101	9	23.36
2919	14	4	15.72
641	143	17	164.06
120	466	8	43.52
101	602	12	46.95
834	832	3	37.7
1	45	3	11.94
280	110	4	8.44
166	413	3	16.83
114	694	7	40.33
353	120	4	13.27
179	233	4	20.01
3408	125	3	26.59
102	2161	4	18.56
190	104	13	21.21
8	864	6	42.72
130	391	3	11.89
101	1616	4	15.64
144	212	3	8.02
1879	14	5	17.01
9	13	47	245.22
685	101	7	21.12
166	159	26	169.15
107	841	3	12.03
1912	14	3	6.58
120	255	3	5.55
940	105	5	24.84
131	215	3	6.5
249	4980	3	44.38
105	597	5	18.98
1889	1631	4	67.22
538	112	3	9.44
105	748	6	28.96
157	104	11	6.84
115	754	3	12.46
132	149	5	7.09
2549	12	3	10.46
152	232	6	27.8
102	717	5	13.22
12	1150	11	50.81
112	198	4	4.65
879	14	4	5.29
245	105	20	81.82
160	141	5	10.41
655	103	3	5.83
101	3239	4	23.82
162	284	12	88.98
28	6379	3	58.62
491	112	3	8.97
365	300	4	33.79
344	102	7	11.21
1312	14	5	12.5
136	198	5	15.27
21	45	3	6.79
274	105	8	22.08
143	14	38	6.26
121	3050	3	24.88
509	111	14	88.37
106	407	11	53.53
292	1026	5	57.47
348	101	5	4.84
492	57	3	13.47
1455	101	3	9.13
131	105	19	19.44
114	1838	4	27.54
132	191	3	5.52
110	109	18	4.65
1851	131	3	22.74
173	314	5	32.45
576	515	3	30.79
735	107	3	10.92
139	109	10	6.66
1223	14	4	7.52
603	106	3	9.46
102	974	4	11.56
113	299	3	5.86
593	145	3	16.44
231	2887	3	35.29
114	1019	7	47.92
141	122	9	10.69
141	173	3	5.36
141	217	3	7.49
104	1655	5	27.55
130	1098	4	28.22
145	474	5	30.08
1058	12	5	11.99
962	675	3	36.7
462	684	10	134.1
107	1477	4	23.9
111	113	18	7.9
154	137	16	63.15
1548	14	5	14.44
595	138	3	15.41
167	111	19	58.62
810	14	5	7.69
1124	167	3	24.61
407	14	15	30.9
578	139	3	15.24
884	113	4	20.44
564	104	3	5.62
102	1528	3	9.6
255	810	4	39.19
164	107	16	37.61
216	119	12	46.34
140	2565	4	39.09
191	158	34	273.47
104	1970	5	30.76
332	111	14	71.59
764	118	3	13.38
107	1116	3	13.84
120	1819	6	51.29
165	120	5	5.81
4359	14	3	12.96
107	1251	3	14.77
463	118	3	9.93
6039	14	3	17.35
106	2108	5	36.98
440	140	3	13.5
138	107	14	14.67
189	123	3	4.13
256	878	5	52.7
149	112	11	15.29
158	123	5	6.88
101	5176	3	21.58
271	12	9	4.94
327	223	6	47.11
101	340	13	33.42
349	14	14	21.88
3577	14	3	10.85
1258	143	4	31.3
106	710	4	16.38
1958	101	3	11.27
102	1182	3	8.1
268	612	6	60.9
12	726	9	25.15
147	194	4	12.19
381	133	3	11.82
105	335	20	107.18
146	102	19	6.06
1031	12	3	4.27
195	321	5	34.82
129	137	26	94.02
1207	12	6	18.62
1295	144	5	42.69
141	135	6	7.66
880	101	4	10.05
4209	14	3	12.96
1692	14	3	5.93
12	1952	3	8.38
153	106	7	4.32
225	101	10	8.86
485	132	3	13.41
441	101	4	4.32
109	279	21	110.56
139	248	5	18.7
101	3443	3	14.96
127	2235	5	47.51
103	312	4	3.87
103	209	9	9.88
118	2394	6	56.21
3287	121	3	24.88
101	1658	3	9.75
113	314	13	64.66
113	211	17	69.23
197	129	3	5.52
143	140	10	23.53
102	1829	3	10.94
101	1103	4	11.98
115	636	3	11.28
1077	14	5	10.29
157	187	3	8.66
279	232	4	26.32
224	16	11	42.77
380	292	3	23.42
264	118	4	9.31
193	59	4	9.04
128	141	12	26.46
387	662	4	42.53
117	1410	3	17.53
13	210	4	13.18
121	573	3	11.98
548	103	5	12.3
1775	12	3	7.6
103	1275	3	10.09
101	847	17	105.58
114	808	9	61.15
2677	12	3	10.46
102	754	7	24.09
456	12	7	8.87
717	103	3	6.47
8	83	3	14.42
130	221	3	6.67
219	116	4	6.83
335	272	3	21.69
103	325	5	6.76
102	922	5	16.21
101	1799	5	23.82
102	862	4	10.25
679	101	3	4.26
2185	14	3	7.33
1877	14	4	11.34
117	505	3	10.49
195	643	3	22.92
466	439	3	28.3
298	14	26	61.46
658	114	3	11.37
406	111	3	7.59
132	171	4	7.51
253	544	3	24.37
105	781	3	10.36
12	278	14	17.75
222	146	7	30.79
106	140	32	76.67
147	952	3	20.33
104	2976	3	18.08
107	927	4	19.37
3347	14	4	18.24
109	367	4	10.88
101	3327	4	23.82
246	141	3	8.53
219	126	3	5.98
195	900	4	36.42
103	400	4	5.69
12	1301	4	9.46
135	140	29	117.96
329	104	5	8.34
160	2	7	7.28
111	898	3	13.02
140	619	4	23.59
138	102	45	53.61
231	622	5	46.14
1484	104	4	18.81
1198	12	3	4.98
165	122	6	9.15
191	145	3	6.95
9	942	3	17.46
889	101	3	5.89
2693	3066	4	80.41
164	145	5	12.13
2487	14	3	8.24
142	111	14	18.56
5819	12	3	18.5
2102	12	4	13.95
13	651	4	25.95
1871	125	3	21.89
106	2498	3	19.01
16	39	25	104.35
103	3323	3	17.09
146	107	12	13.02
104	1046	3	9.73
102	1321	4	13.86
101	531	8	21.42
2610	164	4	44.3
137	183	8	28.8
3947	103	4	31.66
106	1081	6	36.02
4	9	5	47.6
1027	562	4	50.68
171	120	6	10.41
607	110	4	15.68
185	114	15	49.5
162	4337	3	34.26
1038	101	3	6.86
170	147	3	5.84
114	409	11	58.96
129	270	3	8.43
161	125	4	4.88
690	117	5	26.75
266	102	13	25.33
102	2715	3	13.92
115	1605	3	17.88
1304	12	6	19.71
170	107	7	8.62
261	113	3	4.53
102	458	4	5.12
185	127	6	16.11
111	169	5	4.31
104	1650	6	36.17
104	1095	7	37.29
110	600	7	35.24
265	122	3	6.13
102	4141	3	17.64
101	2717	3	13.43
104	2227	5	32.94
877	113	3	13.49
102	1337	6	27.85
119	179	14	48.81
248	123	3	6.39
320	107	3	5.39
142	153	4	5.71
119	113	15	8.52
142	253	3	9.02
164	102	51	131.93
137	474	4	20.66
115	364	5	17.36
12	2171	4	13.95
2425	14	3	8.24
213	595	3	23.25
158	277	3	12.92
480	1652	3	38.15
133	122	10	11.31
2823	14	5	23.62
169	944	4	33.88
296	136	3	10.22
680	14	10	25.01
176	184	3	10.74
182	1841	5	56.2
1085	12	4	7.79
1715	12	3	6.94
109	517	12	70.41
12	6193	3	18.5
512	106	5	18.76
102	834	6	20.46
101	1963	3	11.27
102	654	3	4.47
122	262	4	10.06
118	4271	3	26.47
2118	14	4	12.5
105	2330	3	18.02
2974	14	3	10.85
106	239	10	29.59
12	378	24	78.88
1215	14	7	21.87
116	191	9	24.33
178	209	3	12.34
105	869	4	16.98
236	104	6	6.08
110	417	3	7.62
116	379	5	18.68
110	104	34	7.09
104	587	8	31.35
118	2037	3	20.43
101	1043	3	6.86
397	329	3	24.95
120	59	8	5.3
498	409	5	52.93
12	192	137	713.63
3428	103	3	17.09
101	1630	3	9.75
235	138	8	35.84
9	192	3	4.9
748	12	5	8.43
357	12	7	5.56
785	122	4	21.55
606	114	3	10.74
101	742	12	55.1
12	579	8	15.59
12	401	13	26.85
178	263	4	21.62
116	249	4	8.2
117	1556	3	18.12
116	149	73	395.23
151	511	3	16.39
178	188	3	10.99
183	530	4	30.01
102	2564	3	13.92
109	397	12	61.9
102	631	9	32.07
692	101	5	12.05
107	1793	3	17.29
428	111	6	23.97
205	159	11	64.76
112	315	7	25.15
118	4294	3	26.47
976	1290	3	41.62
114	841	3	13.2
160	59	7	16.1
711	103	5	15.33
823	9	3	16.48
103	482	5	11.02
102	1091	7	31.22
175	14	57	113.5
1879	21	3	26.22
2273	14	3	8.24
846	101	6	19.5
105	5401	3	27.5
685	111	3	11.1
263	126	3	7.51
9	85	10	22.9
1483	123	3	19.94
2423	12	3	9.31
571	12	10	23.34
85	289	3	11.76
931	104	3	9.02
109	312	7	23.86
118	632	3	12.18
101	4196	4	28.77
2	892	7	43.31
315	104	5	7.95
259	117	4	9.11
101	2338	3	12.24
152	4058	3	32.82
2482	153	3	27.79
102	3447	3	15.46
1518	1344	3	45.13
549	102	5	9.9
2308	14	3	8.24
811	101	16	92.34
293	159	3	13.48
544	9	3	13.51
101	997	3	6.51
275	699	3	27.45
106	544	3	8.75
12	205	24	30.9
2926	14	5	23.62
131	227	3	6.88
217	136	7	27.84
177	173	28	225.56
489	14	6	5.2
194	214	4	20.4
590	665	3	32.97
107	267	21	104.7
355	104	5	9.06
101	561	7	17.69
779	104	3	7.84
4194	109	3	24.46
123	102	62	69.89
170	119	4	4.06
123	242	4	10.16
101	1119	11	61.96
101	1170	3	7.64
102	449	6	11.56
101	1254	5	19.08
234	345	5	38.68
741	108	3	11.43
104	1777	6	38.14
108	414	4	12.06
117	994	4	22.83
108	498	3	8.64
302	120	3	7.22
106	3346	3	21.81
5019	1329	3	58.02
820	176	3	23.52
3456	108	4	33.57
736	132	3	16.38
2727	2	3	20.92
216	102	15	23.74
12	1674	3	6.94
165	144	5	12.1
165	258	3	12.6
114	1397	3	16.5
320	119	4	12.16
152	2005	4	38.7
233	267	3	17.49
107	521	4	13.63
1863	14	3	6.58
168	152	3	6.29
1195	101	8	38.76
150	241	5	21.45
351	14	14	21.88
2	134	22	38.8
184	120	6	12.26
142	283	3	10.36
167	438	4	26.11
105	456	4	11.21
550	104	3	5.46
954	12	5	10.78
1097	131	3	19.22
240	113	4	6.84
101	3833	3	17.13
152	2625	3	29.01
207	622	3	23.45
639	117	9	57.86
1904	12	3	7.6
231	668	3	25.04
450	14	7	6.63
3075	106	5	47.51
221	1391	3	29.72
3031	11	3	50.23
176	101	13	8.62
2270	2703	4	75.85
111	317	4	10.01
120	2092	4	30.75
102	364	20	77.86
586	14	6	7.09
408	159	6	40.9
4558	311	3	42.61
12	1934	8	43.14
807	108	7	40.99
401	141	3	12.88
2043	102	3	11.76
141	148	6	11.19
141	204	3	6.98
1072	12	4	7.79
598	222	4	33.84
647	121	8	51.68
177	341	5	33.75
288	112	5	13.25
3798	8	4	44.69
146	119	25	76.16
1538	14	5	14.44
127	1165	3	19.05
137	214	6	21.82
421	342	6	60.31
169	2554	6	79.43
101	399	7	12.49
124	122	9	6.51
1651	14	3	5.93
2780	14	3	9.37
181	589	3	21.38
118	1887	3	19.57
115	758	3	12.46
130	1249	3	20.17
110	262	5	10.87
120	5073	3	31.35
1593	9	8	79.59
121	268	23	142.31
101	2249	4	19.38
12	160	23	7.8
210	140	9	40.06
145	964	3	19.87
263	186	3	14.82
114	869	4	20.04
362	158	3	15.28
250	188	3	14.4
120	1503	3	18.54
1557	12	3	6.36
102	1042	3	7.31
109	297	11	45.3
139	262	4	14.09
3533	101	4	23.82
2108	14	5	18.67
109	105	69	117.33
114	2254	5	41.45
8	823	3	16.42
196	126	3	4.97
645	103	3	5.83
5943	14	3	17.35
120	5989	3	31.35
792	740	4	51.35
767	12	5	8.43
122	104	42	38.77
140	2969	3	28.31
391	1964	3	38.36
101	713	3	4.45
200	117	15	60.44
921	172	5	45.68
128	198	5	13.56
110	443	3	7.99
168	609	3	20.16
1298	14	4	8.11
13	130	7	12.21
393	304	4	34.71
101	1485	5	21.14
107	1196	5	29.66
2178	14	3	7.33
546	101	4	5.81
106	1909	4	25.73
104	5338	3	24.75
251	118	3	5.03
155	133	4	5.52
2882	125	3	25.01
189	163	3	9.3
115	1275	3	16.1
105	391	10	42.92
243	140	5	18.25
16	181	4	5.6
16	115	63	193.31
1294	14	6	17.55
127	1410	5	39.62
1145	14	4	6.99
226	141	4	12.45
171	105	24	74.81
124	118	9	5.22
12	669	4	4.4
142	373	3	12.59
381	144	3	13.39
213	233	3	15.19
114	4112	3	25.39
129	140	19	58.38
129	211	10	43.12
185	239	3	13.84
762	429	3	31.67
117	2311	3	21.4
1094	14	4	6.99
12	1873	4	12.77
206	105	8	15.13
139	277	5	21.11
391	2219	4	55.78
2845	14	3	9.37
12	3729	3	14.09
139	194	7	25.5
173	168	4	14.43
329	485	3	26.36
144	12	45	27.51
169	5948	3	39.67
12	102	653	766.35
119	901	3	14.75
756	104	4	12.36
596	309	6	63.86
120	300	6	22.28
2416	314	5	70.29
101	971	3	6.51
143	137	13	36.02
228	1407	3	29.97
236	57	3	7.27
104	101	516	1252.39
128	136	8	11.4
104	241	8	11.87
465	116	20	147.86
121	584	3	12.17
600	110	4	15.42
393	166	5	32.89
107	2256	3	19.16
133	712	3	16.12
590	568	3	31.7
238	102	11	14.37
136	112	11	9.47
354	109	3	6.31
148	107	23	53.78
273	102	9	12.71
3608	172	4	53.52
593	470	3	30.35
991	107	4	19.87
122	158	6	8.26
102	725	4	8.84
122	107	18	11.75
241	522	7	67.33
102	698	6	17.59
102	850	3	6.05
286	520	3	25.62
143	1189	3	20.98
301	106	5	12.48
12	1154	3	4.98
353	118	5	18.16
1916	102	3	10.94
2133	12	3	8.38
39	195	14	89.71
3037	12	3	11.95
115	923	4	21.13
1379	14	3	4.88
101	751	3	4.88
127	1947	5	45.31
120	392	5	20.43
12	514	5	4.52
822	14	4	4.62
927	101	3	6.19
101	924	10	47.65
127	1766	3	22.1
1087	111	3	14.11
1060	102	3	7.31
455	104	4	7.99
204	137	3	6.66
110	119	57	140.97
1112	135	3	19.54
132	204	6	20.02
108	920	4	19.72
1126	12	3	4.61
190	102	24	47.1
156	135	5	9.09
1078	12	4	7.79
3294	3307	3	58.05
1529	14	5	14.44
175	111	11	26.45
114	1030	8	57.63
2731	103	3	15.54
108	413	3	7.32
116	1844	3	19.23
1573	111	8	65.46
1158	172	4	36.79
134	128	7	7.88
102	592	6	14.99
111	235	6	13.24
101	1259	4	13.22
134	332	5	23.02
102	442	9	23.88
1687	12	4	11.77
154	140	12	41.38
8	1173	7	58.88
2762	103	5	34.21
104	1079	3	9.73
680	1298	3	38.87
258	132	3	8.29
16	59	133	799.02
105	494	3	7.23
184	171	3	10.15
508	127	4	19.59
360	135	5	24.1
776	12	10	32.47
248	109	4	6.23
233	272	5	34.84
520	276	5	47.43
102	1404	3	9.05
239	501	3	23.15
4176	521	3	46.36
235	1083	3	28.29
122	757	3	14.06
101	1363	5	20.05
141	348	3	11.89
124	149	5	5.64
366	113	5	17.11
411	161	8	60.3
239	121	15	71.24
101	470	11	33.11
102	1334	4	14.58
601	224	6	56.67
1088	1781	3	45.04
324	14	18	33.31
265	118	3	5.55
1822	259	4	47.52
5872	14	3	17.35
460	647	4	44.19
116	1711	5	37.23
12	2119	3	8.38
153	149	3	4.19
691	127	4	22.86
123	117	16	20.23
373	202	6	47.81
127	291	8	38.79
243	5927	3	43.93
111	540	4	14.73
106	3362	4	33.02
104	1972	3	14.33
1760	101	3	10.45
3401	14	4	18.24
1524	111	7	54.16
2906	14	3	9.37
4138	108	4	38.56
1665	111	7	56.34
105	1235	6	36.05
108	279	5	11.79
223	16	3	4.58
150	116	7	7.11
278	159	5	26.69
16	199	9	28.98
687	12	7	14.65
101	291	7	7.46
416	117	5	20.39
128	12	48	12.91
2363	12	3	9.31
104	137	90	286.9
102	2039	4	18.56
101	802	4	9.26
1959	101	4	17.9
106	155	26	77.62
627	105	5	19.67
1340	101	3	8.58
205	122	4	7.33
122	277	4	11.06
112	196	7	13.93
102	2548	3	13.92
179	119	91	703.75
12	6076	3	18.5
562	8	3	13.63
689	172	3	21.83
162	179	39	321.19
85	305	3	12.32
284	119	44	354
126	127	6	3.86
102	2359	3	12.73
180	634	4	31.72
190	123	3	4.16
144	136	8	16.38
101	1645	3	9.75
113	301	11	49.1
379	14	10	11.71
135	493	3	13.71
114	1021	6	38.73
148	380	5	28.47
143	101	45	53.82
1860	14	4	11.34
101	937	3	6.19
3576	14	3	10.85
2435	16	3	22.06
107	2553	5	42.37
105	675	4	14.8
3083	119	5	51.92
183	144	3	6.42
110	107	45	61.08
115	725	3	12.21
376	8	4	16.84
12	293	61	305.65
103	1484	3	11.16
321	102	8	13.32
125	398	4	17.05
664	1325	3	39.18
106	2862	3	20.24
110	322	5	14.38
115	698	6	32.73
110	246	7	18.08
350	116	3	7.67
110	203	7	14.47
2150	111	3	18.84
298	111	9	34.8
110	147	13	18.71
3587	176	3	33.98
427	105	3	6.32
1042	101	4	11.44
4538	111	3	24.87
118	667	4	18.9
1785	3913	3	55.56
85	152	3	3.96
126	180	4	7.47
460	105	10	46.79
85	252	3	10.19
173	301	3	15.91
307	12	9	7.87
3699	121	3	27.11
152	502	21	211.84
102	923	11	57.3
109	2838	3	20.67
1335	838	11	199.22
160	12	23	7.8
103	515	3	4.23
113	469	5	19.84
45	161	3	7.61
375	13	3	13.65
419	159	3	16.4
430	21	3	15.77
179	194	5	24.47
1547	14	3	5.37
584	564	3	31.7
1242	101	9	48.91
253	180	3	14.28
330	131	5	22.56
136	282	4	15.33
106	321	7	23.11
101	773	3	5.11
204	2646	6	85.17
133	191	3	5.52
16	2	82	273.22
258	104	5	5
16	154	9	17.06
1015	14	4	6.06
2584	101	3	13.43
111	1212	3	14.97
104	2574	3	16.53
109	3490	3	22.25
848	152	6	50.31
360	103	6	11.29
508	111	3	9.04
138	233	5	17.63
101	3954	3	17.13
105	1461	3	14.77
220	272	6	43.2
114	2648	4	32.22
4344	12	3	14.09
141	188	4	9.89
395	12	7	6.91
102	500	7	17.18
134	110	50	162.58
895	187	9	97.76
114	494	3	9.37
513	103	4	7.59
114	342	5	16.3
206	215	6	37.18
499	101	6	12.08
107	110	27	17.13
101	518	20	95.34
137	59	9	15.09
119	389	5	19.92
106	1015	3	12.9
786	106	3	11.31
124	159	15	51.74
106	963	9	60.74
101	4801	3	21.58
309	121	4	12.48
265	129	4	12.97
364	12	10	14.04
16	557	3	11.78
107	2918	3	20.38
105	315	3	4.46
417	157	5	32.49
8	1265	3	19.54
601	201	6	55.18
331	109	4	9.87
458	12	7	8.87
115	3124	3	23.3
2621	113	5	44.35
6028	119	3	31.15
147	149	8	22.71
199	133	3	6.12
147	325	3	12.55
111	319	3	5.97
159	139	4	6.45
161	110	9	12.67
121	1977	3	21.06
561	101	4	6.01
130	928	3	18.03
240	126	3	6.63
138	118	18	37.13
708	111	4	17.47
120	5473	3	31.35
2934	14	3	9.37
101	1411	7	34.33
821	1179	3	39.74
673	102	7	22.22
323	104	4	5.03
105	2800	3	19.24
1495	12	3	6.36
106	782	6	31.51
2903	14	4	15.72
495	122	3	11.03
16	182	11	35.18
6363	111	3	29.35
106	271	24	126.95
4203	14	3	12.96
136	111	35	96.43
525	14	9	14.64
102	2004	3	11.76
300	1679	4	48.81
1486	110	3	16.36
2090	111	4	28.11
125	57	7	6.89
1686	14	3	5.93
1201	12	3	4.98
584	534	3	31.34
264	107	4	6.71
872	127	3	17.06
995	12	3	3.97
178	119	4	5
477	233	3	22.51
109	350	4	10.35
8	657	14	119.34
1458	104	3	12.12
347	104	5	8.91
101	3206	3	14.96
535	437	4	41.38
2830	14	3	9.37
9	103	39	40.34
4324	14	3	12.96
522	108	5	19.69
1351	2792	4	70.13
362	105	3	5.28
630	108	3	10.25
102	877	6	21.14
139	328	3	11.21
696	149	14	138.86
605	104	6	20.26
4351	128	3	29.2
529	104	5	13.25
101	2291	3	12.24
151	237	10	56.78
980	101	3	6.51
101	1023	6	22.54
121	3147	5	52.67
169	101	16	11.38
132	322	5	22.52
110	120	38	68.72
120	213	6	15.33
293	102	6	5.88
361	172	3	16.97
182	330	3	17.2
2040	4636	3	60.93
131	218	4	10.89
121	3794	3	27.11
113	220	5	9.35
250	119	5	13.1
12	1409	4	10.14
8	2198	4	35.15
2179	12	4	13.95
166	107	10	15.62
833	160	3	21.72
173	136	4	8.68
139	120	10	12.14
114	2367	3	20.37
1393	14	3	4.88
2772	14	3	9.37
140	311	10	61.09
352	2224	3	38.34
562	14	7	9.34
127	668	6	39.11
144	469	3	14.69
205	102	12	13.12
122	148	6	5.77
474	1195	4	50.29
1064	12	10	41.06
1144	12	7	23.18
12	515	21	80.41
438	104	3	4.18
628	116	3	11.64
13	122	7	7.71
699	14	5	6.18
12	2803	4	17.21
242	392	4	30.96
3340	111	5	48.93
872	114	3	13.52
12	2751	3	10.46
106	614	6	27.41
1217	14	6	16.49
164	118	6	8.02
3406	12	3	11.95
106	2466	3	19.01
223	104	6	5.3
601	356	3	28.52
105	343	13	57.96
1023	128	3	18.34
118	2748	3	22.68
1188	14	4	7.52
342	101	5	4.72
113	933	4	20.92
1014	14	4	6.06
102	338	15	45.28
101	1362	3	8.58
485	103	4	7.22
102	518	7	17.55
101	1109	3	7.23
109	713	3	10.95
359	12	7	5.56
141	104	33	47.64
230	233	3	15.81
108	352	5	14.99
346	102	5	5.32
690	207	4	35.01
418	119	3	9.45
517	112	19	137.14
392	12	8	9.56
146	188	3	6.63
12	2494	4	15.38
772	102	3	5.53
151	827	6	49.12
119	553	3	11.2
118	5822	3	30.96
156	3390	3	31.63
120	719	4	20.39
101	500	4	5.26
105	3039	4	31.69
105	1133	3	12.73
108	117	16	6.82
1502	101	3	9.13
546	136	3	14.72
107	1265	5	30.57
134	403	3	12.28
1569	120	3	18.54
722	101	5	12.46
1885	14	4	11.34
112	2061	3	18.93
341	14	13	17.83
107	507	5	18.99
57	13	15	46.9
102	1485	4	15.39
107	403	10	47.06
8	1450	3	20.68
146	568	3	16.08
104	845	3	8.39
105	424	30	218.49
983	426	3	33.63
2	206	5	7.84
407	12	8	9.83
102	3776	3	17.64
169	882	4	33.4
270	748	3	27.62
713	356	9	112.38
1548	12	5	16.23
422	101	4	4.05
547	5134	3	51.22
181	355	5	34.67
411	103	4	5.96
57	396	4	18.24
209	1145	3	27.7
1058	14	5	10.29
113	596	6	29.58
159	166	3	6.75
6026	183	3	41.1
111	116	26	27.87
106	3406	3	21.81
161	128	5	8.35
1223	12	5	13.42
250	107	5	9.49
101	1696	4	15.64
985	12	3	3.97
487	109	12	68.14
103	102	142	41.5
166	119	11	26.72
335	287	4	32.23
9	265	3	7.79
130	589	3	14.63
1708	14	4	10.36
2446	14	3	8.24
265	685	4	37.84
132	57	7	8.62
10	3460	3	51.89
2241	101	3	12.24
101	982	4	10.94
107	709	6	30.08
1476	104	4	18.81
131	242	3	7.3
12	265	9	4.35
121	4883	3	31.59
311	113	4	10.47
3679	109	4	38.59
136	270	4	14.49
119	624	3	12.15
106	237	7	15.97
391	2040	5	71.2
274	102	6	4.92
294	148	4	18.12
13	103	33	49.32
105	983	6	33.16
2431	126	3	23.86
128	101	29	7.85
394	14	13	22.6
219	6276	3	43.16
174	598	3	21.05
267	106	4	6.84
1810	14	3	6.58
280	113	4	9.26
1408	170	4	37.95
609	139	3	15.63
102	768	7	24.78
127	622	10	74.59
103	550	4	8.19
112	270	3	4.58
107	3480	3	21.95
576	104	3	5.78
207	307	3	18.21
103	462	4	6.87
153	859	3	20.5
114	749	7	41.68
186	136	14	66.35
122	229	3	4.8
122	120	20	28.76
102	751	3	5.29
107	1837	3	17.29
6257	14	3	17.35
136	114	8	4.41
238	122	9	33.62
199	1075	4	38.57
200	103	10	11.91
148	120	18	48.44
101	850	3	5.61
101	698	10	39.12
380	172	5	34.11
264	119	9	35.3
178	107	18	57.01
110	323	3	5.86
1077	12	3	4.27
110	204	6	10.82
826	133	4	25.44
132	119	15	24.45
157	135	7	16.84
116	368	7	30.37
169	137	4	7.64
2148	183	3	30.52
1673	14	3	5.93
12	217	98	471.62
102	1826	4	17.34
235	180	4	20.15
152	459	3	16
250	203	3	15.61
102	924	4	11.09
144	168	3	5.17
190	135	3	5.52
109	228	4	5.39
368	149	6	36.58
1110	8	3	18.59
982	164	9	93.55
1207	14	5	11.69
1554	277	3	32.89
467	180	3	19.58
381	264	3	22.24
629	111	3	10.46
177	205	6	32.53
364	101	6	8.15
672	257	4	37.49
101	442	12	37.13
124	233	3	6.17
106	1083	5	27.82
282	151	3	11.95
199	146	5	17.41
120	986	4	23.39
349	12	10	12.84
3040	121	4	37.14
119	139	13	20.45
881	132	3	17.86
271	166	3	13.16
271	14	29	63.62
115	518	7	34.96
12	4317	3	14.09
16	234	9	32.61
12	2144	3	8.38
105	1283	3	13.66
152	2506	4	40.22
138	159	12	42.93
296	116	3	6.44
1688	103	3	11.8
378	12	7	6.3
120	1744	4	29.49
101	1404	8	42.49
107	1250	4	22.31
101	1455	3	9.13
128	319	3	9.83
114	3151	3	23.17
114	3303	4	34.84
110	568	3	9.49
121	391	13	80.73
125	13	6	7.65
117	3832	3	26.43
101	631	14	62.68
145	781	4	27.26
104	3739	4	33
389	122	3	9.45
103	579	4	8.63
2032	108	3	18.41
4553	14	3	12.96
102	742	6	18.64
430	12	13	29.06
1859	119	3	19.76
190	129	5	12.89
1664	12	3	6.94
126	170	4	6.31
201	128	3	5.69
4825	16	3	31.58
2931	14	3	9.37
152	567	4	25.51
3362	14	3	10.85
3726	103	3	19.29
2782	111	3	21.08
410	562	7	81.35
376	114	4	12.29
232	315	3	19.38
4626	14	3	12.96
210	138	3	7.04
101	888	12	61.71
101	1091	6	23.47
137	694	4	24.6
101	1039	5	16.7
121	5050	3	31.59
1743	276	4	48.72
163	3040	4	46.78
183	109	7	11.35
16	851	3	14.85
1272	104	7	40.01
102	1170	5	19.02
4572	12	3	14.09
106	1080	4	20.22
12	790	5	8.84
1227	102	3	8.1
124	102	111	249.72
4218	14	3	12.96
195	1533	3	29.06
101	2817	4	21.24
204	611	3	23.06
104	944	7	34.06
1685	14	5	15.62
217	101	19	35.51
177	1408	6	65.07
291	201	9	72.77
141	194	3	6.44
598	14	10	21.24
1181	12	3	4.98
111	184	8	15.82
102	561	6	14.26
1319	12	5	14.26
2591	644	3	44.36
251	102	10	12.89
3568	14	3	10.85
1034	103	3	8.8
747	14	4	4.05
184	147	5	16.2
101	3073	3	14.96
2	162	27	93.18
5317	5693	3	71.51
183	919	3	24.91
782	14	4	4.32
118	1169	7	52.95
168	114	5	4.81
102	1372	7	35.5
233	300	5	36.69
12	993	11	46.32
119	127	19	34.19
203	112	5	7.93
694	104	3	7.12
168	127	4	6.12
105	435	3	6.44
184	158	5	19.17
3886	108	3	24.43
209	136	8	32.85
142	252	4	14.11
120	884	7	48.29
104	3195	3	18.08
817	14	8	19.84
176	136	4	8.79
101	1453	5	21.14
134	571	3	14.53
1406	14	5	13.41
103	2280	3	14.34
130	780	3	16.75
149	142	5	8.48
291	356	3	22.78
736	146	3	18.06
332	12	8	6.71
108	174	7	10.55
117	663	3	12.36
208	161	3	10.2
813	104	3	8.11
247	142	4	13.74
208	102	11	10.96
220	287	9	74.72
102	2687	3	13.92
231	2309	3	34.05
261	114	4	7.99
102	399	8	17.38
101	1244	3	8.09
3496	268	4	55.5
159	111	27	91.79
272	120	3	6.27
551	14	14	37.18
496	116	3	10.05
111	168	7	9.33
147	122	40	171.55
101	484	4	4.92
143	611	6	41.08
102	1336	6	27.85
164	414	3	16.89
16	393	7	33.96
104	1034	3	9.73
163	2548	3	30.51
1582	121	3	19.45
2256	12	3	9.31
167	12	23	12.06
101	4688	3	21.58
1098	121	5	33.68
703	119	11	80.16
1701	12	3	6.94
904	133	3	17.86
1232	14	3	4.06
116	529	4	16.09
2	1025	4	21.12
157	118	7	10.01
386	101	18	65.95
104	452	9	31.69
535	143	5	30.59
201	116	6	13.33
362	131	5	23.76
2859	12	3	10.46
761	107	4	17.27
614	12	8	16.6
106	1313	3	14.63
202	2225	3	32.96
1	2	10	29.74
121	3929	3	27.11
731	12	8	20.28
593	502	4	43.87
335	361	3	24.34
117	232	7	20.44
101	3279	4	23.82
8	730	24	268.91
218	14	13	4.42
815	122	7	47.33
143	2644	4	39.67
510	612	3	31.19
106	298	14	63.17
382	102	7	12.99
126	141	12	25.42
1286	14	6	17.55
130	507	3	13.56
272	665	6	62.75
152	470	4	23.7
175	165	5	19.34
2355	845	5	83.21
123	670	4	21.56
112	467	3	8.54
103	117	29	5.42
104	6142	3	24.75
114	885	6	36.24
101	922	7	26.91
433	102	7	14.87
101	998	7	27.87
498	479	3	29.55
12	6330	3	18.5
131	117	97	498.06
12	325	12	17.1
12	249	21	33.02
102	3506	3	15.46
139	1441	3	21.54
110	215	4	5.13
157	108	8	8.96
116	248	7	21.21
101	2594	3	13.43
116	324	5	16.66
972	59	3	18.16
1055	132	3	18.97
16	846	3	14.85
720	106	3	10.78
168	760	4	31.61
101	741	4	8.57
143	361	5	25.9
1537	12	3	6.36
274	117	13	62.54
280	165	4	20.63
112	140	11	9.99
245	117	8	26.61
1803	189	5	56.85
2055	14	4	12.5
1073	14	4	6.51
545	2794	3	42.9
342	110	4	10.45
165	145	4	8.17
339	604	5	52.64
516	272	3	24.94
2777	121	3	23.31
108	242	7	16.93
101	5789	3	21.58
555	172	3	20.09
115	561	3	10.31
431	1236	3	35.07
150	300	6	33.29
133	102	22	4.37
299	287	9	85.26
119	111	31	45.83
2	3000	3	22.49
127	1508	3	20.68
120	965	3	15.29
377	110	3	6.95
127	1575	3	21.35
121	2267	4	32.6
3226	4873	3	64.78
226	111	6	12.7
103	1965	3	13.35
104	2297	4	23.54
107	183	5	5.14
737	14	11	32
188	114	4	4.16
114	4165	4	39.84
476	104	3	4.77
1881	119	5	39.6
59	195	14	65.65
141	107	9	4.72
162	853	3	21.9
5783	112	3	29.44
141	158	4	6.63
117	1044	3	15.63
195	125	9	32.53
230	102	32	102.24
503	418	3	28.53
101	1118	3	7.23
102	531	4	6.15
111	101	55	11.2
120	2032	3	20.82
619	16	3	12.56
161	301	3	13.95
195	266	3	15.79
1678	141	3	23.02
141	147	5	7.55
141	203	4	11.37
107	1384	5	31.57
111	213	4	5.26
185	112	6	9.18
2299	112	3	19.94
111	142	27	65.93
114	479	5	20.4
281	12	11	10.65
401	140	3	12.73
153	174	3	7.26
123	207	15	70.68
171	107	16	43.07
1239	12	5	13.42
310	12	13	19.64
12	815	14	60.26
828	679	4	50.28
158	351	4	22.27
59	180	3	4.61
167	136	7	20.13
115	322	3	6.61
114	6038	3	29.87
146	120	13	24.96
1416	14	3	4.88
288	155	5	27.07
1103	101	3	7.23
104	917	8	40.5
151	1006	4	30.94
158	106	7	5.88
825	108	6	32.96
417	551	5	54.07
537	14	15	41.23
432	104	10	36.46
181	335	4	25.32
592	129	3	14.42
165	102	15	8.81
1436	141	4	31.7
115	1336	3	16.63
273	159	4	19.27
106	1538	3	15.75
160	116	5	4.49
135	138	16	46.23
1816	101	4	16.68
112	299	4	9.36
2125	14	6	25.93
104	1368	4	17.98
8	644	4	22.21
518	12	5	4.72
729	112	3	11.66
107	3496	4	33.21
246	139	5	18.7
2475	12	3	9.31
559	113	3	10.15
168	659	3	20.82
183	363	5	35.34
600	12	17	63.47
330	313	3	23.13
148	105	48	162.95
101	758	3	4.88
1313	14	5	12.5
177	2416	5	59.68
1135	141	3	20.25
222	132	3	6.82
473	101	5	7.77
132	104	18	7.55
734	102	3	5.07
104	406	11	40.3
193	391	3	19.34
224	109	5	8.26
101	4424	3	17.13
819	119	11	85.35
85	186	4	11.62
235	14	15	9.11
12	1577	3	6.94
12	1427	8	34.43
630	103	4	9.62
545	152	7	52.69
175	212	4	18.79
854	14	4	4.94
113	198	10	28.36
120	1429	4	26.61
127	1088	3	18.59
