7779	1
3850	2
7359	3
7657	4
9128	5
1178	6
2273	7
8511	8
7101	9
4932	10
9481	11
8877	12
9540	13
8139	14
3928	15
5655	16
3133	17
2746	18
6870	19
7830	20
9221	21
6747	22
5060	23
3550	24
1646	25
4827	26
3166	27
4610	28
7115	29
9800	30
8355	31
1961	32
6229	33
1264	34
397	35
7373	36
1134	37
8890	38
7647	39
9835	40
6559	41
821	42
9846	43
9164	44
914	45
5133	46
4816	47
4519	48
9337	49
8934	50
6106	51
5296	52
1611	53
5207	54
7456	55
6240	56
6193	57
8632	58
5157	59
6795	60
2556	61
383	62
1832	63
7742	64
2964	65
6254	66
2388	67
6498	68
2560	69
9111	70
5749	71
5988	72
156	73
871	74
8993	75
7971	76
9775	77
4559	78
9030	79
6250	80
4366	81
6163	82
458	83
1930	84
400	85
1130	86
6385	87
7079	88
9013	89
9710	90
6186	91
2829	92
5057	93
4758	94
7069	95
615	96
1021	97
5541	98
151	99
1980	100
1378	101
1398	102
1742	103
1230	104
2788	105
5442	106
1251	107
8878	108
57	109
6503	110
4672	111
7365	112
9014	113
3162	114
6042	115
2446	116
9039	117
8624	118
8125	119
3616	120
8370	121
9366	122
4265	123
9753	124
885	125
3585	126
5496	127
6433	128
3689	129
3681	130
3988	131
3525	132
4085	133
3830	134
9821	135
4683	136
6280	137
6763	138
679	139
6797	140
6645	141
4091	142
8441	143
6637	144
6971	145
1072	146
8817	147
7537	148
4691	149
9890	150
35	151
9181	152
7076	153
1963	154
6401	155
7257	156
2338	157
1802	158
4156	159
5270	160
1472	161
7974	162
9572	163
3421	164
7473	165
8731	166
190	167
4687	168
1540	169
39	170
5697	171
8299	172
3126	173
5284	174
4978	175
9203	176
2683	177
343	178
7429	179
6070	180
8821	181
8906	182
422	183
2202	184
9245	185
9565	186
8735	187
2346	188
8088	189
9025	190
1583	191
6699	192
5742	193
6505	194
9526	195
9887	196
9487	197
3240	198
6762	199
8296	200
6611	201
3775	202
4088	203
8157	204
6561	205
57	206
1079	207
3723	208
1862	209
4176	210
2245	211
2704	212
1444	213
537	214
2383	215
8543	216
2106	217
5221	218
7704	219
7914	220
6420	221
4620	222
7152	223
2854	224
4160	225
4086	226
8385	227
8832	228
8702	229
6730	230
4108	231
7390	232
6813	233
2051	234
1188	235
6834	236
7651	237
804	238
6876	239
1430	240
6669	241
2901	242
4791	243
7524	244
1127	245
1936	246
779	247
8419	248
9077	249
2783	250
5439	251
221	252
8247	253
5740	254
2519	255
3384	256
1233	257
1946	258
991	259
6247	260
4984	261
7500	262
9314	263
5228	264
1598	265
8548	266
9079	267
3856	268
6639	269
3523	270
902	271
4753	272
1026	273
3480	274
8006	275
8170	276
7527	277
1052	278
5869	279
9535	280
2896	281
508	282
8201	283
5389	284
2532	285
4971	286
2795	287
9062	288
9122	289
7063	290
2133	291
3069	292
4514	293
5810	294
8106	295
2521	296
6320	297
3041	298
7068	299
9071	300
4482	301
7059	302
482	303
2670	304
3610	305
6568	306
9446	307
7213	308
9714	309
5780	310
51	311
7873	312
8909	313
8621	314
548	315
5009	316
7427	317
3781	318
6215	319
7782	320
9853	321
6690	322
8110	323
5922	324
1896	325
1006	326
1749	327
314	328
4205	329
5667	330
3686	331
4642	332
8461	333
1002	334
1	335
8058	336
8265	337
2721	338
1241	339
7676	340
2431	341
6650	342
3094	343
2270	344
7330	345
5676	346
9716	347
5609	348
9035	349
7445	350
8144	351
5279	352
173	353
3100	354
3070	355
2214	356
3148	357
9059	358
8221	359
7272	360
7169	361
4759	362
6271	363
3531	364
1815	365
3738	366
9043	367
5693	368
5252	369
9490	370
3346	371
2643	372
8261	373
8062	374
7708	375
1705	376
8566	377
6303	378
1981	379
7568	380
2147	381
3556	382
8523	383
9844	384
52	385
46	386
7541	387
8452	388
5934	389
5374	390
7859	391
5976	392
5610	393
7419	394
7316	395
3739	396
622	397
2254	398
342	399
6417	400
1965	401
9605	402
6473	403
2040	404
7054	405
3956	406
5524	407
6553	408
1345	409
743	410
2839	411
251	412
3377	413
9050	414
6940	415
6686	416
686	417
2105	418
2481	419
884	420
4510	421
1019	422
2928	423
1554	424
2585	425
7018	426
7620	427
5129	428
8904	429
4983	430
5404	431
1493	432
5523	433
8833	434
4112	435
6872	436
6528	437
1975	438
1114	439
9377	440
6638	441
5730	442
6132	443
8191	444
8594	445
364	446
5149	447
7917	448
1702	449
4578	450
3532	451
6859	452
8463	453
306	454
2722	455
8256	456
2858	457
21	458
7158	459
4224	460
2444	461
6073	462
4322	463
6425	464
9654	465
7885	466
725	467
21	468
3836	469
363	470
5760	471
7023	472
3767	473
9360	474
6957	475
148	476
4278	477
3063	478
9392	479
889	480
8023	481
9623	482
9282	483
8631	484
709	485
7457	486
7691	487
8972	488
3217	489
226	490
1623	491
1621	492
4813	493
6306	494
9543	495
9219	496
5020	497
4848	498
8072	499
1214	500
6201	501
9608	502
15	503
1323	504
7626	505
8733	506
8921	507
3977	508
2632	509
1607	510
4182	511
4344	512
8855	513
2949	514
10	515
5071	516
4426	517
7514	518
8568	519
755	520
8037	521
2210	522
2068	523
6154	524
8872	525
857	526
2725	527
8354	528
1065	529
4943	530
5288	531
9150	532
4277	533
6508	534
1442	535
23	536
2442	537
2085	538
2626	539
8783	540
429	541
9576	542
8827	543
8775	544
1738	545
525	546
5904	547
1068	548
4512	549
4473	550
3389	551
6427	552
3071	553
646	554
982	555
3721	556
9232	557
2758	558
388	559
8045	560
3058	561
178	562
4325	563
4282	564
2582	565
9321	566
5204	567
6560	568
6928	569
8035	570
591	571
5412	572
3909	573
1868	574
7615	575
9448	576
3774	577
4084	578
3696	579
9784	580
2410	581
8130	582
9812	583
9472	584
8464	585
8522	586
4923	587
8259	588
3015	589
7467	590
3885	591
5308	592
376	593
1841	594
1406	595
7485	596
3734	597
6286	598
4194	599
7903	600
4031	601
1284	602
6732	603
4944	604
8589	605
5586	606
7193	607
8708	608
7631	609
5606	610
7340	611
639	612
2714	613
3849	614
7576	615
3236	616
3996	617
1083	618
6489	619
4250	620
4855	621
3475	622
6969	623
8024	624
5105	625
1092	626
3053	627
2206	628
6064	629
1794	630
9855	631
9185	632
3693	633
7444	634
9239	635
1954	636
1069	637
2307	638
3814	639
2605	640
2658	641
4956	642
5281	643
7948	644
3901	645
2927	646
4856	647
2247	648
643	649
9754	650
5688	651
4243	652
766	653
3807	654
3454	655
456	656
4812	657
2552	658
3	659
6697	660
849	661
8447	662
3287	663
8153	664
3554	665
6507	666
6307	667
719	668
4410	669
2863	670
974	671
1842	672
4094	673
3546	674
9290	675
2973	676
8765	677
9146	678
7007	679
7407	680
1817	681
607	682
3662	683
9603	684
7469	685
2428	686
8012	687
5392	688
9262	689
8465	690
9777	691
6843	692
5062	693
5531	694
4350	695
3943	696
5710	697
504	698
9049	699
2412	700
3066	701
93	702
3961	703
9093	704
6053	705
1355	706
7402	707
2917	708
2086	709
6413	710
7044	711
4623	712
4096	713
4477	714
5282	715
3169	716
132	717
8158	718
887	719
5736	720
1873	721
4340	722
9651	723
7705	724
1826	725
491	726
9191	727
9238	728
1881	729
2734	730
5628	731
3435	732
4965	733
3900	734
8707	735
6936	736
8460	737
1405	738
830	739
160	740
5746	741
7094	742
4220	743
7608	744
2345	745
9226	746
1775	747
2149	748
1377	749
1393	750
1053	751
8046	752
2219	753
2639	754
1639	755
3859	756
9652	757
4155	758
5032	759
4720	760
8172	761
7259	762
6549	763
4747	764
7005	765
1577	766
4641	767
6328	768
9598	769
9119	770
5493	771
7181	772
5548	773
1776	774
3860	775
9893	776
9044	777
5042	778
8287	779
1317	780
6846	781
5840	782
3852	783
238	784
3152	785
1741	786
4740	787
3020	788
5386	789
7437	790
2201	791
8294	792
9410	793
6002	794
60	795
1370	796
8661	797
8957	798
8225	799
4962	800
3254	801
6789	802
3854	803
7916	804
9768	805
9136	806
7551	807
4819	808
8038	809
1227	810
7884	811
5577	812
1723	813
1615	814
7134	815
8143	816
3057	817
2190	818
3111	819
2845	820
9132	821
907	822
7453	823
9602	824
6086	825
9878	826
5050	827
9741	828
5885	829
2618	830
32	831
1555	832
4466	833
7265	834
9362	835
1835	836
7869	837
8527	838
8742	839
4803	840
4157	841
267	842
2161	843
610	844
3933	845
1084	846
4611	847
6075	848
4640	849
6727	850
2471	851
5266	852
9639	853
6769	854
6955	855
911	856
2818	857
5393	858
4254	859
6267	860
7560	861
45	862
9233	863
8454	864
803	865
660	866
6816	867
1289	868
9310	869
1077	870
4995	871
3311	872
8152	873
1952	874
8803	875
3896	876
9586	877
9859	878
7861	879
7609	880
3658	881
2003	882
2002	883
3128	884
9751	885
9883	886
8334	887
5322	888
1571	889
1132	890
2673	891
8888	892
4695	893
6355	894
5938	895
1073	896
8236	897
97	898
2810	899
6820	900
3881	901
1796	902
8368	903
1297	904
4267	905
3043	906
8626	907
6155	908
4492	909
7297	910
5209	911
7670	912
4706	913
6565	914
2237	915
5339	916
1331	917
9090	918
6670	919
2430	920
8721	921
2550	922
2985	923
6932	924
9518	925
4733	926
5517	927
3597	928
4600	929
5468	930
3167	931
608	932
9506	933
5082	934
831	935
8400	936
7919	937
7765	938
3509	939
2943	940
8535	941
8364	942
835	943
2644	944
8753	945
4116	946
6263	947
8192	948
7714	949
2515	950
6212	951
8663	952
6255	953
8234	954
1657	955
8901	956
544	957
7032	958
9553	959
5357	960
5853	961
6904	962
8652	963
2668	964
9503	965
6048	966
6519	967
124	968
736	969
6031	970
5114	971
927	972
3002	973
705	974
2203	975
4636	976
9307	977
7414	978
2405	979
2056	980
664	981
6028	982
5965	983
1181	984
8432	985
7523	986
8316	987
8122	988
4916	989
3910	990
8031	991
7166	992
9931	993
7168	994
8710	995
7150	996
7345	997
2542	998
5247	999
3888	1000
3001	1001
795	1002
7245	1003
1977	1004
6131	1005
1727	1006
3780	1007
8381	1008
4140	1009
2601	1010
129	1011
5701	1012
1413	1013
9852	1014
7400	1015
3220	1016
2671	1017
6935	1018
6351	1019
2139	1020
1128	1021
6109	1022
8948	1023
4035	1024
4823	1025
1043	1026
4345	1027
9738	1028
8440	1029
9382	1030
8517	1031
718	1032
7300	1033
4507	1034
4648	1035
2736	1036
7671	1037
7120	1038
9561	1039
4941	1040
8232	1041
6993	1042
2131	1043
2694	1044
4788	1045
5010	1046
1138	1047
7247	1048
1025	1049
7009	1050
7874	1051
6434	1052
4490	1053
4869	1054
9206	1055
2	1056
1619	1057
5466	1058
7695	1059
7347	1060
4349	1061
5231	1062
7470	1063
4200	1064
4199	1065
3660	1066
7256	1067
6682	1068
2541	1069
2039	1070
59	1071
5104	1072
6830	1073
3413	1074
3276	1075
6044	1076
7780	1077
9550	1078
8177	1079
8240	1080
8722	1081
3603	1082
6768	1083
1666	1084
2175	1085
1874	1086
1610	1087
1691	1088
9091	1089
3302	1090
1336	1091
8925	1092
9874	1093
5537	1094
8490	1095
4028	1096
1419	1097
475	1098
6620	1099
628	1100
5808	1101
7893	1102
552	1103
8134	1104
8217	1105
5962	1106
9098	1107
4563	1108
3161	1109
6774	1110
3131	1111
2620	1112
2705	1113
347	1114
4459	1115
5678	1116
665	1117
1473	1118
5611	1119
2597	1120
1991	1121
6378	1122
5958	1123
4757	1124
1427	1125
9357	1126
3028	1127
5850	1128
9609	1129
9932	1130
4441	1131
845	1132
187	1133
9666	1134
6585	1135
8813	1136
5849	1137
7253	1138
6881	1139
2100	1140
7358	1141
7628	1142
9696	1143
6103	1144
8719	1145
8019	1146
3635	1147
5944	1148
2325	1149
2146	1150
5271	1151
7095	1152
2672	1153
7430	1154
7254	1155
116	1156
3839	1157
2117	1158
9557	1159
7466	1160
8175	1161
1845	1162
8991	1163
3607	1164
5632	1165
3493	1166
6779	1167
1597	1168
7930	1169
2439	1170
1165	1171
900	1172
7517	1173
6798	1174
250	1175
6440	1176
5403	1177
8027	1178
3450	1179
7757	1180
6678	1181
446	1182
8149	1183
1941	1184
2417	1185
6447	1186
4207	1187
6612	1188
8790	1189
7409	1190
7998	1191
1664	1192
1960	1193
4658	1194
1374	1195
5873	1196
201	1197
227	1198
3092	1199
6777	1200
4357	1201
2616	1202
3283	1203
7839	1204
3521	1205
3670	1206
5233	1207
5803	1208
2846	1209
2010	1210
1112	1211
6516	1212
8630	1213
5201	1214
6469	1215
1508	1216
4524	1217
1142	1218
8808	1219
4536	1220
4863	1221
9163	1222
1149	1223
7724	1224
3784	1225
1846	1226
5124	1227
7821	1228
3024	1229
1176	1230
4752	1231
2501	1232
3673	1233
970	1234
1047	1235
3206	1236
6304	1237
3085	1238
9175	1239
9183	1240
4670	1241
7401	1242
731	1243
9885	1244
2925	1245
2303	1246
5119	1247
2127	1248
783	1249
1754	1250
4059	1251
3468	1252
4382	1253
6026	1254
5408	1255
9145	1256
826	1257
9785	1258
8533	1259
1528	1260
7487	1261
1682	1262
5170	1263
2140	1264
6753	1265
7863	1266
4026	1267
1269	1268
7486	1269
8485	1270
6463	1271
4014	1272
877	1273
5102	1274
3601	1275
6238	1276
8660	1277
6393	1278
7146	1279
8303	1280
5913	1281
2567	1282
6017	1283
5319	1284
2747	1285
7811	1286
31	1287
5026	1288
5004	1289
7786	1290
4745	1291
5525	1292
7450	1293
8585	1294
6208	1295
9367	1296
1751	1297
947	1298
8516	1299
5798	1300
7664	1301
9938	1302
9638	1303
5653	1304
4133	1305
2676	1306
1315	1307
5327	1308
881	1309
1055	1310
775	1311
8541	1312
24	1313
3586	1314
9685	1315
4785	1316
6405	1317
4408	1318
6166	1319
8426	1320
6126	1321
7145	1322
2827	1323
2855	1324
6298	1325
73	1326
2013	1327
8920	1328
5364	1329
5706	1330
9559	1331
9570	1332
5878	1333
4896	1334
1438	1335
2887	1336
629	1337
4413	1338
4711	1339
1599	1340
6724	1341
5420	1342
9322	1343
1833	1344
3650	1345
3527	1346
6547	1347
1971	1348
4187	1349
7773	1350
7896	1351
2475	1352
2371	1353
7228	1354
6371	1355
3702	1356
9450	1357
5487	1358
5820	1359
2218	1360
7659	1361
1613	1362
4892	1363
2953	1364
6869	1365
8446	1366
2317	1367
8498	1368
4494	1369
5583	1370
7224	1371
6882	1372
5323	1373
8173	1374
9225	1375
2937	1376
3257	1377
841	1378
6653	1379
6590	1380
6080	1381
2456	1382
8851	1383
3233	1384
4295	1385
7954	1386
3004	1387
4143	1388
4851	1389
4364	1390
1765	1391
5546	1392
4806	1393
8997	1394
3098	1395
2568	1396
7640	1397
8668	1398
7452	1399
7173	1400
5479	1401
5939	1402
2837	1403
3090	1404
8280	1405
9826	1406
2483	1407
4680	1408
4301	1409
742	1410
8108	1411
2603	1412
7701	1413
8947	1414
3934	1415
3779	1416
888	1417
4030	1418
222	1419
7758	1420
5361	1421
8359	1422
5660	1423
7825	1424
9437	1425
4268	1426
7749	1427
4716	1428
9418	1429
358	1430
9830	1431
7000	1432
6251	1433
9866	1434
8944	1435
1146	1436
9926	1437
9811	1438
1579	1439
5671	1440
4685	1441
8350	1442
1983	1443
2997	1444
6855	1445
9484	1446
7189	1447
9764	1448
488	1449
7932	1450
8898	1451
684	1452
4217	1453
6945	1454
9051	1455
1558	1456
8617	1457
58	1458
3989	1459
9104	1460
4725	1461
9606	1462
6582	1463
6748	1464
913	1465
5590	1466
9584	1467
8799	1468
9032	1469
6847	1470
2252	1471
7774	1472
4219	1473
269	1474
3073	1475
413	1476
2438	1477
6171	1478
8486	1479
5075	1480
5567	1481
9260	1482
5067	1483
5250	1484
4727	1485
389	1486
1767	1487
2986	1488
3861	1489
7205	1490
9804	1491
773	1492
4255	1493
5101	1494
9143	1495
6715	1496
2617	1497
538	1498
9105	1499
5377	1500
8525	1501
3997	1502
3042	1503
8078	1504
8683	1505
9489	1506
6785	1507
1041	1508
1875	1509
922	1510
6335	1511
8927	1512
5712	1513
9365	1514
1616	1515
6556	1516
9133	1517
8902	1518
5807	1519
6615	1520
4609	1521
7924	1522
4710	1523
2579	1524
1746	1525
8319	1526
8029	1527
735	1528
7580	1529
8148	1530
2296	1531
1364	1532
447	1533
7634	1534
6372	1535
6107	1536
9734	1537
1507	1538
2631	1539
4457	1540
1205	1541
5772	1542
2095	1543
9202	1544
7496	1545
7326	1546
741	1547
6313	1548
4550	1549
453	1550
5852	1551
8665	1552
5506	1553
5185	1554
9663	1555
277	1556
5350	1557
2038	1558
9292	1559
9920	1560
35	1561
1001	1562
3791	1563
1085	1564
5719	1565
1228	1566
8760	1567
3022	1568
6375	1569
2754	1570
6755	1571
7969	1572
8069	1573
8834	1574
7849	1575
4355	1576
1564	1577
7820	1578
8022	1579
8514	1580
478	1581
3663	1582
6535	1583
2980	1584
7025	1585
1247	1586
2559	1587
8308	1588
6295	1589
9414	1590
8190	1591
9109	1592
4622	1593
8393	1594
4397	1595
3308	1596
758	1597
8519	1598
8314	1599
3530	1600
9395	1601
392	1602
9381	1603
1521	1604
700	1605
8732	1606
5797	1607
8216	1608
2904	1609
5508	1610
4171	1611
5737	1612
3088	1613
2098	1614
3877	1615
8290	1616
3151	1617
8321	1618
7697	1619
8955	1620
9147	1621
5906	1622
4326	1623
5765	1624
3424	1625
808	1626
7515	1627
5059	1628
4434	1629
682	1630
2536	1631
5946	1632
4222	1633
9449	1634
3920	1635
9159	1636
7846	1637
7546	1638
64	1639
9328	1640
7433	1641
8352	1642
8565	1643
5806	1644
7935	1645
4377	1646
2222	1647
9525	1648
9735	1649
5596	1650
1495	1651
9009	1652
3519	1653
1964	1654
6764	1655
5458	1656
9006	1657
6725	1658
9301	1659
3763	1660
9732	1661
8504	1662
1024	1663
7130	1664
8795	1665
2717	1666
5385	1667
8686	1668
3611	1669
432	1670
7510	1671
1096	1672
4131	1673
6339	1674
2755	1675
9892	1676
8043	1677
9173	1678
7698	1679
8816	1680
1847	1681
1537	1682
9423	1683
1901	1684
20	1685
8577	1686
1288	1687
8056	1688
9701	1689
5074	1690
4756	1691
7838	1692
6657	1693
3173	1694
9483	1695
7938	1696
421	1697
8444	1698
9619	1699
1504	1700
690	1701
5970	1702
6717	1703
4445	1704
2266	1705
7535	1706
2745	1707
2001	1708
4228	1709
271	1710
7271	1711
1397	1712
6916	1713
3208	1714
5972	1715
2950	1716
4982	1717
4948	1718
9332	1719
6521	1720
1539	1721
2188	1722
8230	1723
9551	1724
8330	1725
3411	1726
2223	1727
5450	1728
3869	1729
8107	1730
3687	1731
4880	1732
9737	1733
7480	1734
2032	1735
6187	1736
5492	1737
2809	1738
5112	1739
5685	1740
7214	1741
6051	1742
3661	1743
6228	1744
1669	1745
4420	1746
9724	1747
125	1748
3952	1749
1158	1750
3451	1751
8502	1752
3504	1753
9273	1754
7905	1755
2298	1756
7750	1757
1739	1758
6640	1759
7556	1760
7042	1761
6943	1762
8162	1763
890	1764
4821	1765
6203	1766
513	1767
4562	1768
5463	1769
8823	1770
324	1771
9236	1772
3385	1773
2074	1774
7545	1775
5085	1776
4464	1777
8075	1778
8895	1779
6398	1780
8601	1781
8730	1782
9264	1783
7883	1784
3957	1785
8699	1786
52	1787
8032	1788
3641	1789
282	1790
856	1791
8727	1792
8787	1793
4808	1794
5708	1795
2145	1796
9579	1797
7422	1798
4315	1799
7806	1800
7726	1801
9265	1802
4073	1803
6929	1804
8132	1805
7602	1806
1239	1807
6100	1808
9646	1809
6211	1810
9680	1811
9011	1812
2952	1813
9190	1814
6063	1815
1716	1816
3559	1817
6077	1818
7630	1819
4247	1820
2391	1821
789	1822
2524	1823
7024	1824
4291	1825
4069	1826
8102	1827
2288	1828
1827	1829
4553	1830
3947	1831
8786	1832
1360	1833
9250	1834
5505	1835
6159	1836
3724	1837
1650	1838
7564	1839
1879	1840
5	1841
9705	1842
7591	1843
3553	1844
6429	1845
7915	1846
2961	1847
4450	1848
1762	1849
2236	1850
1524	1851
6207	1852
5902	1853
153	1854
1037	1855
2614	1856
3577	1857
5029	1858
8394	1859
4080	1860
823	1861
3341	1862
402	1863
3366	1864
3121	1865
7981	1866
6743	1867
7190	1868
8595	1869
2164	1870
1788	1871
1690	1872
9228	1873
9925	1874
8749	1875
763	1876
9601	1877
6032	1878
1367	1879
2711	1880
9765	1881
2291	1882
3176	1883
185	1884
2733	1885
1512	1886
5952	1887
5371	1888
9781	1889
6681	1890
692	1891
7263	1892
4581	1893
5582	1894
5633	1895
7540	1896
2543	1897
5200	1898
2737	1899
219	1900
9545	1901
6259	1902
8087	1903
9755	1904
3033	1905
3986	1906
2350	1907
653	1908
5949	1909
2879	1910
1090	1911
5349	1912
3	1913
9275	1914
3349	1915
6217	1916
2847	1917
3107	1918
2547	1919
4405	1920
4504	1921
2546	1922
2062	1923
7831	1924
6506	1925
6890	1926
7246	1927
3878	1928
310	1929
370	1930
5156	1931
2429	1932
4795	1933
7688	1934
8249	1935
5705	1936
8575	1937
817	1938
7792	1939
9762	1940
8456	1941
3720	1942
1836	1943
8281	1944
6775	1945
4092	1946
5638	1947
2	1948
9624	1949
8076	1950
1534	1951
7911	1952
7031	1953
6731	1954
8389	1955
1060	1956
3936	1957
8926	1958
2891	1959
8367	1960
1530	1961
8179	1962
7310	1963
3120	1964
3862	1965
8036	1966
3047	1967
555	1968
4847	1969
1915	1970
8650	1971
8383	1972
3829	1973
7232	1974
1063	1975
1300	1976
6066	1977
2111	1978
2610	1979
7367	1980
6862	1981
3488	1982
8241	1983
4618	1984
1126	1985
8503	1986
7952	1987
9743	1988
3325	1989
1451	1990
3470	1991
4257	1992
3491	1993
4119	1994
9798	1995
4891	1996
1175	1997
9888	1998
7093	1999
289	2000
2894	2001
2293	2002
4294	2003
7639	2004
4309	2005
7295	2006
2525	2007
6577	2008
9910	2009
128	2010
3535	2011
1675	2012
1922	2013
205	2014
2400	2015
5561	2016
8428	2017
5065	2018
5188	2019
9188	2020
9631	2021
6483	2022
7320	2023
5992	2024
1121	2025
143	2026
3318	2027
7206	2028
1737	2029
9578	2030
5410	2031
3481	2032
2907	2033
6845	2034
4540	2035
53	2036
4003	2037
4951	2038
2213	2039
9613	2040
3837	2041
3427	2042
3327	2043
4352	2044
8212	2045
7043	2046
2687	2047
437	2048
7934	2049
4537	2050
6983	2051
9064	2052
5986	2053
8644	2054
2564	2055
3040	2056
1109	2057
1095	2058
1523	2059
746	2060
6219	2061
3125	2062
5842	2063
5680	2064
6736	2065
6082	2066
5276	2067
4383	2068
2313	2069
5358	2070
6604	2071
317	2072
6976	2073
958	2074
7512	2075
8017	2076
1	2077
5865	2078
9658	2079
7305	2080
1715	2081
7770	2082
5242	2083
1893	2084
1293	2085
5421	2086
6087	2087
9879	2088
5160	2089
3973	2090
3267	2091
2450	2092
3806	2093
7329	2094
9430	2095
6631	2096
425	2097
3630	2098
6177	2099
7294	2100
5782	2101
6988	2102
5848	2103
2384	2104
8284	2105
4686	2106
5028	2107
7056	2108
8390	2109
6986	2110
5162	2111
1379	2112
441	2113
1453	2114
4231	2115
9587	2116
7055	2117
8443	2118
9224	2119
4585	2120
7548	2121
7574	2122
5971	2123
2590	2124
3605	2125
4539	2126
2005	2127
3787	2128
3367	2129
6151	2130
5943	2131
5303	2132
8867	2133
4226	2134
424	2135
4677	2136
7964	2137
318	2138
7104	2139
5134	2140
9700	2141
1823	2142
2594	2143
8789	2144
3420	2145
5135	2146
3906	2147
120	2148
2453	2149
5224	2150
1701	2151
4905	2152
8913	2153
1592	2154
2765	2155
3216	2156
6524	2157
7403	2158
3845	2159
3044	2160
878	2161
824	2162
836	2163
8497	2164
2008	2165
3076	2166
5411	2167
9794	2168
2163	2169
5918	2170
9896	2171
9155	2172
5821	2173
9546	2174
2155	2175
1976	2176
4264	2177
8602	2178
8700	2179
3358	2180
9486	2181
8164	2182
2078	2183
3561	2184
8849	2185
7503	2186
7753	2187
3397	2188
385	2189
6358	2190
4697	2191
4446	2192
5690	2193
7258	2194
2899	2195
192	2196
7267	2197
8326	2198
1306	2199
5261	2200
489	2201
7526	2202
5747	2203
2402	2204
3170	2205
9567	2206
7283	2207
1694	2208
246	2209
4665	2210
7741	2211
4858	2212
1695	2213
5759	2214
8657	2215
5045	2216
1480	2217
326	2218
1883	2219
6432	2220
3203	2221
658	2222
7643	2223
805	2224
9558	2225
799	2226
5146	2227
1344	2228
8992	2229
1290	2230
8237	2231
2473	2232
4400	2233
4573	2234
5593	2235
8831	2236
6209	2237
8812	2238
879	2239
4679	2240
2775	2241
5472	2242
7255	2243
7107	2244
9331	2245
3263	2246
5936	2247
4645	2248
4371	2249
7325	2250
2510	2251
9037	2252
2420	2253
1389	2254
126	2255
4341	2256
5451	2257
4569	2258
4594	2259
7435	2260
4306	2261
2170	2262
4259	2263
8943	2264
7178	2265
6691	2266
6462	2267
9790	2268
1689	2269
2375	2270
3118	2271
4814	2272
3096	2273
7308	2274
9573	2275
4922	2276
7251	2277
3352	2278
5888	2279
527	2280
6486	2281
7449	2282
4381	2283
7026	2284
7854	2285
1926	2286
4047	2287
7292	2288
8959	2289
1575	2290
519	2291
5341	2292
8028	2293
3749	2294
659	2295
3902	2296
3560	2297
1800	2298
4571	2299
4968	2300
145	2301
1280	2302
4513	2303
1725	2304
3143	2305
4166	2306
6946	2307
9284	2308
8343	2309
5227	2310
2360	2311
9906	2312
5031	2313
9527	2314
3404	2315
2033	2316
4681	2317
8643	2318
7250	2319
687	2320
560	2321
65	2322
9102	2323
5465	2324
2028	2325
5398	2326
7144	2327
1160	2328
9930	2329
8405	2330
6980	2331
5446	2332
2462	2333
8930	2334
2035	2335
1435	2336
1562	2337
1061	2338
3415	2339
7384	2340
6765	2341
8885	2342
112	2343
43	2344
9415	2345
4608	2346
7143	2347
6388	2348
4912	2349
2918	2350
8340	2351
4919	2352
7186	2353
3800	2354
7590	2355
739	2356
8718	2357
5495	2358
5158	2359
7029	2360
8932	2361
9682	2362
191	2363
2557	2364
1039	2365
6018	2366
9396	2367
3214	2368
9676	2369
3453	2370
5265	2371
9650	2372
567	2373
3864	2374
5728	2375
8458	2376
7531	2377
72	2378
5240	2379
8101	2380
9024	2381
6836	2382
7142	2383
5981	2384
3949	2385
2864	2386
9350	2387
1420	2388
461	2389
2269	2390
860	2391
3006	2392
2114	2393
7177	2394
539	2395
5222	2396
8584	2397
730	2398
1942	2399
7650	2400
8369	2401
1549	2402
8060	2403
6879	2404
3514	2405
8900	2406
1663	2407
926	2408
5212	2409
9425	2410
5887	2411
7163	2412
8061	2413
6718	2414
7349	2415
595	2416
4001	2417
3359	2418
3032	2419
5449	2420
9660	2421
9677	2422
3631	2423
3010	2424
4293	2425
2516	2426
6161	2427
2828	2428
1708	2429
9513	2430
4049	2431
7209	2432
327	2433
4692	2434
7338	2435
9324	2436
2361	2437
2946	2438
9067	2439
9818	2440
1152	2441
9391	2442
8052	2443
3222	2444
2924	2445
7327	2446
5770	2447
9193	2448
3431	2449
4139	2450
7674	2451
3939	2452
1903	2453
6402	2454
4152	2455
4647	2456
3065	2457
4829	2458
7353	2459
1137	2460
6210	2461
3876	2462
9519	2463
8853	2464
6666	2465
909	2466
133	2467
1706	2468
2572	2469
1780	2470
9647	2471
6557	2472
4310	2473
2080	2474
8262	2475
2158	2476
2520	2477
1653	2478
4436	2479
2411	2480
130	2481
3655	2482
6536	2483
2615	2484
5039	2485
8766	2486
4177	2487
4374	2488
7317	2489
8649	2490
78	2491
5754	2492
6488	2493
5318	2494
8324	2495
1760	2496
764	2497
3804	2498
6364	2499
5315	2500
2912	2501
49	2502
6866	2503
2576	2504
7842	2505
9686	2506
1679	2507
1852	2508
5320	2509
5484	2510
9583	2511
6739	2512
745	2513
1986	2514
4872	2515
4602	2516
1834	2517
3330	2518
2263	2519
5099	2520
6711	2521
4061	2522
6588	2523
6129	2524
2634	2525
8209	2526
1503	2527
3540	2528
8276	2529
596	2530
7769	2531
5291	2532
4688	2533
8395	2534
1850	2535
1526	2536
9223	2537
2977	2538
1396	2539
4673	2540
378	2541
5080	2542
2782	2543
8670	2544
8	2545
1807	2546
6069	2547
16	2548
1714	2549
2064	2550
1869	2551
522	2552
3405	2553
7279	2554
6898	2555
6750	2556
8891	2557
2866	2558
7266	2559
9719	2560
2418	2561
4320	2562
8011	2563
2144	2564
6551	2565
1275	2566
6278	2567
1322	2568
9442	2569
338	2570
549	2571
6071	2572
4928	2573
5180	2574
3077	2575
7394	2576
8597	2577
9921	2578
2965	2579
5098	2580
4105	2581
5989	2582
2537	2583
2374	2584
3049	2585
3156	2586
8057	2587
790	2588
472	2589
2517	2590
5378	2591
7342	2592
8804	2593
6677	2594
1232	2595
193	2596
2646	2597
5497	2598
9166	2599
7260	2600
4103	2601
832	2602
6875	2603
1641	2604
1994	2605
8567	2606
9733	2607
7361	2608
2437	2609
5945	2610
5334	2611
3394	2612
3442	2613
7803	2614
7913	2615
4767	2616
6269	2617
1268	2618
2633	2619
4715	2620
6584	2621
1499	2622
6022	2623
9017	2624
5456	2625
5534	2626
7102	2627
8773	2628
1487	2629
9303	2630
1032	2631
3400	2632
3916	2633
8619	2634
2048	2635
4118	2636
6143	2637
9473	2638
1810	2639
3682	2640
9142	2641
5213	2642
952	2643
7875	2644
8899	2645
5545	2646
2211	2647
7611	2648
4548	2649
411	2650
8468	2651
3627	2652
391	2653
1042	2654
6414	2655
2848	2656
6738	2657
4605	2658
6272	2659
6815	2660
3261	2661
3290	2662
1748	2663
9197	2664
3013	2665
2181	2666
69	2667
9633	2668
7458	2669
2945	2670
9084	2671
7982	2672
386	2673
7117	2674
1125	2675
9637	2676
9	2677
925	2678
2025	2679
5751	2680
6125	2681
8025	2682
6197	2683
4498	2684
3396	2685
4117	2686
2212	2687
8243	2688
9015	2689
8411	2690
4516	2691
1459	2692
9939	2693
2932	2694
3520	2695
2066	2696
1356	2697
6624	2698
3604	2699
6877	2700
3927	2701
9865	2702
9217	2703
7760	2704
4500	2705
9118	2706
7835	2707
3613	2708
2087	2709
2989	2710
4201	2711
6683	2712
8990	2713
1569	2714
8928	2715
3851	2716
3688	2717
1148	2718
4337	2719
6353	2720
3600	2721
4384	2722
6865	2723
6464	2724
7906	2725
6972	2726
1925	2727
2487	2728
9237	2729
5069	2730
6629	2731
6860	2732
3528	2733
7098	2734
9657	2735
865	2736
6966	2737
8703	2738
7474	2739
617	2740
3545	2741
1929	2742
4515	2743
2888	2744
7812	2745
5444	2746
8451	2747
5359	2748
346	2749
8681	2750
5117	2751
6441	2752
3147	2753
5096	2754
8462	2755
6511	2756
5287	2757
1399	2758
9688	2759
571	2760
2160	2761
7881	2762
6893	2763
576	2764
9542	2765
4926	2766
559	2767
5796	2768
6959	2769
3292	2770
4838	2771
9358	2772
5372	2773
4914	2774
545	2775
807	2776
4480	2777
9426	2778
6948	2779
1790	2780
1329	2781
9291	2782
5342	2783
7667	2784
6356	2785
7740	2786
2944	2787
4541	2788
3948	2789
6484	2790
6090	2791
9566	2792
5665	2793
2120	2794
6096	2795
9516	2796
2922	2797
9412	2798
6283	2799
5061	2800
9659	2801
9560	2802
4195	2803
726	2804
8841	2805
1418	2806
9319	2807
1718	2808
1928	2809
7070	2810
7783	2811
6349	2812
7238	2813
1938	2814
1600	2815
9904	2816
7717	2817
4587	2818
5824	2819
2555	2820
3260	2821
4161	2822
4261	2823
4533	2824
7139	2825
5813	2826
206	2827
8196	2828
9354	2829
673	2830
7050	2831
3179	2832
1135	2833
1198	2834
2063	2835
7399	2836
3522	2837
3196	2838
5144	2839
6379	2840
8070	2841
1076	2842
4174	2843
953	2844
1328	2845
4654	2846
3576	2847
9541	2848
5273	2849
1789	2850
4925	2851
5861	2852
1388	2853
4579	2854
4866	2855
5196	2856
8791	2857
8882	2858
2979	2859
5184	2860
1340	2861
2239	2862
2791	2863
5996	2864
9769	2865
1208	2866
5673	2867
7623	2868
13	2869
9304	2870
9604	2871
4209	2872
4790	2873
4487	2874
6673	2875
1662	2876
749	2877
2004	2878
8096	2879
7477	2880
4329	2881
1425	2882
8501	2883
8166	2884
1605	2885
7958	2886
778	2887
1931	2888
3847	2889
4335	2890
359	2891
3163	2892
9359	2893
7354	2894
6341	2895
50	2896
6416	2897
9269	2898
3432	2899
8982	2900
2935	2901
3503	2902
3925	2903
316	2904
4126	2905
2275	2906
2569	2907
5176	2908
1326	2909
1087	2910
4546	2911
7768	2912
4132	2913
7273	2914
46	2915
6195	2916
1262	2917
195	2918
8406	2919
95	2920
8510	2921
7563	2922
8054	2923
2041	2924
4227	2925
4560	2926
5847	2927
6148	2928
3788	2929
9599	2930
8757	2931
4906	2932
2771	2933
7344	2934
1166	2935
1375	2936
6787	2937
5477	2938
9807	2939
7464	2940
5333	2941
3296	2942
164	2943
3051	2944
7555	2945
4627	2946
6246	2947
6848	2948
9287	2949
8599	2950
1387	2951
7582	2952
3919	2953
4839	2954
9479	2955
3298	2956
5786	2957
1343	2958
6572	2959
9022	2960
5511	2961
9420	2962
6907	2963
1108	2964
3987	2965
714	2966
3924	2967
4835	2968
6649	2969
4292	2970
5206	2971
7483	2972
4184	2973
2785	2974
9632	2975
4529	2976
874	2977
3149	2978
2047	2979
3975	2980
8080	2981
7819	2982
4076	2983
8788	2984
438	2985
4303	2986
4818	2987
940	2988
9066	2989
9429	2990
3569	2991
2715	2992
12	2993
6273	2994
5940	2995
3262	2996
3511	2997
5285	2998
4334	2999
6838	3000
2870	3001
6079	3002
2336	3003
7528	3004
7041	3005
5455	3006
723	3007
7613	3008
2763	3009
5604	3010
6989	3011
1950	3012
8741	3013
918	3014
3713	3015
7172	3016
3776	3017
8003	3018
2244	3019
9665	3020
2749	3021
2682	3022
3224	3023
6853	3024
9373	3025
3873	3026
5789	3027
2172	3028
5110	3029
2838	3030
6812	3031
2449	3032
8847	3033
3282	3034
1773	3035
4360	3036
260	3037
577	3038
9138	3039
5278	3040
517	3041
9780	3042
3195	3043
6581	3044
3680	3045
5957	3046
3340	3047
3884	3048
5340	3049
7797	3050
6809	3051
656	3052
6892	3053
8974	3054
6824	3055
8098	3056
8717	3057
1740	3058
6999	3059
8871	3060
5528	3061
4101	3062
3403	3063
6120	3064
7360	3065
4281	3066
7333	3067
2825	3068
8475	3069
8278	3070
6005	3071
4979	3072
3319	3073
7441	3074
9548	3075
5569	3076
9003	3077
6608	3078
1871	3079
8328	3080
8960	3081
6466	3082
9452	3083
3252	3084
6300	3085
4921	3086
8705	3087
98	3088
134	3089
8457	3090
5248	3091
2577	3092
1434	3093
8049	3094
1825	3095
7075	3096
8973	3097
8709	3098
5639	3099
5033	3100
1556	3101
6664	3102
5543	3103
5243	3104
511	3105
5464	3106
4737	3107
121	3108
9841	3109
1759	3110
9227	3111
8306	3112
3865	3113
9683	3114
8244	3115
8474	3116
505	3117
3880	3118
1337	3119
8950	3120
6646	3121
8039	3122
6970	3123
7089	3124
6108	3125
4949	3126
4738	3127
6790	3128
3981	3129
8215	3130
6973	3131
2768	3132
5331	3133
7337	3134
3805	3135
7868	3136
8648	3137
1568	3138
1010	3139
2972	3140
5995	3141
1238	3142
1522	3143
403	3144
8226	3145
1216	3146
9165	3147
921	3148
3974	3149
6759	3150
8820	3151
3295	3152
6218	3153
1465	3154
5103	3155
7478	3156
2054	3157
2171	3158
7544	3159
8140	3160
5504	3161
3213	3162
1707	3163
7170	3164
1625	3165
7237	3166
1294	3167
1557	3168
3357	3169
6968	3170
4253	3171
2584	3172
3441	3173
9610	3174
5699	3175
5923	3176
1923	3177
9670	3178
1373	3179
9843	3180
4874	3181
3300	3182
7202	3183
4479	3184
7217	3185
584	3186
4497	3187
7336	3188
1957	3189
6461	3190
3379	3191
2302	3192
5260	3193
2281	3194
7707	3195
8559	3196
8476	3197
2082	3198
1407	3199
3026	3200
7589	3201
5086	3202
9832	3203
6676	3204
150	3205
6232	3206
6076	3207
9364	3208
6479	3209
6214	3210
7972	3211
798	3212
8466	3213
3184	3214
6430	3215
2309	3216
5741	3217
379	3218
9549	3219
410	3220
8551	3221
3141	3222
9018	3223
1764	3224
842	3225
2180	3226
1890	3227
9736	3228
2474	3229
8494	3230
1115	3231
4736	3232
4802	3233
3512	3234
9485	3235
3645	3236
4327	3237
4232	3238
1816	3239
9341	3240
8828	3241
8338	3242
3764	3243
1261	3244
9538	3245
1086	3246
5877	3247
9923	3248
7280	3249
3110	3250
4986	3251
5647	3252
9215	3253
6786	3254
1454	3255
7468	3256
4019	3257
916	3258
40	3259
4475	3260
9913	3261
1513	3262
5857	3263
7989	3264
2464	3265
4248	3266
2625	3267
1793	3268
1720	3269
9803	3270
2197	3271
4236	3272
2113	3273
6361	3274
2876	3275
7052	3276
1007	3277
2653	3278
4453	3279
7339	3280
3426	3281
9114	3282
5036	3283
5475	3284
2667	3285
6880	3286
4804	3287
8195	3288
2593	3289
4650	3290
6982	3291
1700	3292
4915	3293
4313	3294
4442	3295
275	3296
7804	3297
9456	3298
9385	3299
2310	3300
3751	3301
9097	3302
5921	3303
4698	3304
6314	3305
16	3306
7995	3307
8810	3308
759	3309
7208	3310
8553	3311
6663	3312
6728	3313
9713	3314
2661	3315
708	3316
8671	3317
5390	3318
7739	3319
1197	3320
311	3321
9653	3322
7953	3323
5173	3324
2805	3325
6990	3326
2883	3327
7809	3328
5154	3329
1743	3330
4970	3331
5535	3332
3278	3333
39	3334
6817	3335
8071	3336
7751	3337
8995	3338
8675	3339
406	3340
6262	3341
3866	3342
6767	3343
1648	3344
1647	3345
8806	3346
9036	3347
4191	3348
6451	3349
5171	3350
390	3351
843	3352
6285	3353
2940	3354
8059	3355
1854	3356
2126	3357
6920	3358
5362	3359
3154	3360
7239	3361
28	3362
1111	3363
7853	3364
7778	3365
1911	3366
1544	3367
3544	3368
1203	3369
8396	3370
184	3371
963	3372
8358	3373
2204	3374
4779	3375
4159	3376
7572	3377
4735	3378
1477	3379
5491	3380
8341	3381
9640	3382
5977	3383
2276	3384
2128	3385
60	3386
7743	3387
9001	3388
3159	3389
1552	3390
8588	3391
6692	3392
9695	3393
9230	3394
6445	3395
2280	3396
3526	3397
2072	3398
5488	3399
4566	3400
532	3401
1155	3402
1282	3403
1671	3404
5627	3405
1637	3406
3983	3407
4886	3408
1028	3409
625	3410
108	3411
1229	3412
2681	3413
7109	3414
315	3415
2316	3416
4057	3417
6015	3418
6213	3419
2684	3420
6534	3421
483	3422
9042	3423
8255	3424
3551	3425
6164	3426
1067	3427
566	3428
4343	3429
7888	3430
7475	3431
4859	3432
4385	3433
8445	3434
5198	3435
2027	3436
4465	3437
3323	3438
3410	3439
4070	3440
1400	3441
9711	3442
1476	3443
6482	3444
7719	3445
7988	3446
7454	3447
6571	3448
6318	3449
2489	3450
8248	3451
919	3452
2776	3453
4083	3454
3050	3455
582	3456
678	3457
8988	3458
7116	3459
1804	3460
9295	3461
30	3462
9253	3463
9916	3464
4419	3465
5536	3466
6871	3467
1618	3468
6049	3469
1668	3470
5687	3471
3031	3472
1110	3473
4786	3474
7822	3475
5805	3476
2861	3477
6	3478
767	3479
3117	3480
2712	3481
115	3482
9569	3483
8272	3484
426	3485
3937	3486
1159	3487
361	3488
3665	3489
8893	3490
3643	3491
3583	3492
5564	3493
5283	3494
9514	3495
4468	3496
7907	3497
1934	3498
3565	3499
8065	3500
234	3501
2983	3502
252	3503
2692	3504
7980	3505
3101	3506
3393	3507
3685	3508
7335	3509
3824	3510
2999	3511
6803	3512
546	3513
3215	3514
6381	3515
2152	3516
19	3517
9069	3518
8743	3519
797	3520
4598	3521
4287	3522
1376	3523
855	3524
4689	3525
6457	3526
1717	3527
3867	3528
5454	3529
2813	3530
8881	3531
7381	3532
7547	3533
8555	3534
9334	3535
9746	3536
283	3537
5787	3538
8219	3539
2461	3540
3694	3541
3011	3542
9096	3543
1147	3544
631	3545
5870	3546
8600	3547
2485	3548
9368	3549
1949	3550
2137	3551
77	3552
5427	3553
872	3554
3558	3555
4900	3556
1295	3557
101	3558
9575	3559
6183	3560
518	3561
8277	3562
5738	3563
3464	3564
8077	3565
2427	3566
8545	3567
6035	3568
3473	3569
9316	3570
3467	3571
1443	3572
611	3573
8848	3574
2675	3575
8923	3576
1711	3577
9432	3578
417	3579
5121	3580
5975	3581
4368	3582
9272	3583
2657	3584
3136	3585
9085	3586
4592	3587
7538	3588
8691	3589
4029	3590
3953	3591
3562	3592
7677	3593
2398	3594
2021	3595
7231	3596
1014	3597
4580	3598
3753	3599
9345	3600
6058	3601
4238	3602
9031	3603
9748	3604
9482	3605
9335	3606
8220	3607
7051	3608
336	3609
6288	3610
7596	3611
7660	3612
6938	3613
3893	3614
2368	3615
5948	3616
1097	3617
8515	3618
5656	3619
839	3620
273	3621
1491	3622
1093	3623
2271	3624
6746	3625
442	3626
54	3627
4154	3628
1547	3629
8414	3630
6502	3631
9521	3632
7241	3633
8298	3634
8020	3635
5489	3636
6115	3637
3430	3638
7891	3639
8285	3640
5967	3641
8764	3642
6239	3643
9080	3644
7132	3645
5707	3646
5826	3647
2434	3648
6720	3649
4125	3650
6061	3651
4018	3652
6182	3653
3334	3654
1511	3655
2335	3656
7993	3657
2443	3658
2926	3659
5778	3660
967	3661
8829	3662
5750	3663
4251	3664
5078	3665
2900	3666
8845	3667
8850	3668
3407	3669
3704	3670
5226	3671
4897	3672
7642	3673
25	3674
2793	3675
4974	3676
8530	3677
3657	3678
2982	3679
7824	3680
2057	3681
1164	3682
4792	3683
7382	3684
5636	3685
2784	3686
8227	3687
5073	3688
6292	3689
693	3690
3264	3691
8138	3692
7860	3693
8500	3694
7103	3695
8591	3696
8981	3697
1011	3698
7451	3699
6674	3700
3471	3701
859	3702
4895	3703
9690	3704
452	3705
1458	3706
3375	3707
3984	3708
3731	3709
3392	3710
430	3711
7890	3712
2015	3713
9000	3714
934	3715
965	3716
9021	3717
4038	3718
4506	3719
1334	3720
1770	3721
9876	3722
7499	3723
7622	3724
138	3725
2647	3726
2959	3727
9041	3728
6408	3729
9383	3730
9074	3731
2488	3732
33	3733
3905	3734
272	3735
4196	3736
645	3737
7649	3738
2419	3739
1445	3740
9497	3741
529	3742
9176	3743
8180	3744
3388	3745
677	3746
7926	3747
9179	3748
2006	3749
8318	3750
2011	3751
5882	3752
1658	3753
7942	3754
5752	3755
8421	3756
5002	3757
6910	3758
7183	3759
278	3760
8001	3761
2744	3762
7332	3763
9850	3764
1338	3765
2351	3766
6342	3767
6363	3768
8984	3769
1643	3770
9792	3771
4169	3772
7182	3773
3280	3774
1520	3775
239	3776
754	3777
3448	3778
9718	3779
4558	3780
2401	3781
7960	3782
9871	3783
3959	3784
1818	3785
4820	3786
5399	3787
666	3788
1204	3789
9914	3790
9529	3791
9353	3792
9592	3793
3912	3794
6510	3795
5539	3796
506	3797
4572	3798
4777	3799
6861	3800
1141	3801
7497	3802
4690	3803
7482	3804
1785	3805
9694	3806
4478	3807
5859	3808
8874	3809
8756	3810
3355	3811
2115	3812
2189	3813
1733	3814
4359	3815
242	3816
5337	3817
8291	3818
4304	3819
2154	3820
1450	3821
8067	3822
2061	3823
2455	3824
2256	3825
4576	3826
8010	3827
2165	3828
3112	3829
6998	3830
5516	3831
3091	3832
2831	3833
8142	3834
279	3835
4634	3836
8637	3837
220	3838
1361	3839
8165	3840
4959	3841
6922	3842
92	3843
6598	3844
694	3845
2356	3846
5430	3847
9594	3848
4893	3849
4054	3850
6156	3851
1515	3852
350	3853
3619	3854
997	3855
5474	3856
8653	3857
4846	3858
6627	3859
454	3860
7222	3861
3142	3862
7040	3863
8698	3864
6513	3865
4023	3866
9294	3867
5001	3868
3402	3869
9895	3870
4992	3871
6067	3872
2282	3873
7870	3874
3626	3875
9309	3876
8605	3877
40	3878
4127	3879
3647	3880
5714	3881
3762	3882
4275	3883
526	3884
7161	3885
8785	3886
4701	3887
5591	3888
3490	3889
8141	3890
1828	3891
7004	3892
9444	3893
8008	3894
3725	3895
3132	3896
107	3897
1210	3898
7291	3899
556	3900
7815	3901
3288	3902
3750	3903
9342	3904
4522	3905
8425	3906
2968	3907
162	3908
197	3909
9722	3910
4021	3911
3618	3912
4270	3913
6919	3914
2976	3915
1050	3916
6253	3917
5635	3918
4424	3919
4297	3920
1102	3921
51	3922
6548	3923
8488	3924
5345	3925
774	3926
3462	3927
8616	3928
6459	3929
6326	3930
1235	3931
1482	3932
1309	3933
6206	3934
3730	3935
3492	3936
258	3937
3350	3938
268	3939
7154	3940
1532	3941
2910	3942
7216	3943
5968	3944
3103	3945
1612	3946
3449	3947
6221	3948
1640	3949
4639	3950
5616	3951
5722	3952
3242	3953
2505	3954
4488	3955
9655	3956
8942	3957
5793	3958
2030	3959
5555	3960
2865	3961
4987	3962
5580	3963
53	3964
1872	3965
2043	3966
6224	3967
5183	3968
3324	3969
1486	3970
9697	3971
9508	3972
7614	3973
2494	3974
5637	3975
2174	3976
7658	3977
6591	3978
3364	3979
54	3980
7817	3981
829	3982
3423	3983
602	3984
8520	3985
5874	3986
7028	3987
7733	3988
7889	3989
7799	3990
455	3991
7763	3992
3230	3993
189	3994
3482	3995
1404	3996
5723	3997
2323	3998
8876	3999
7616	4000
6941	4001
4844	4002
2322	4003
2606	4004
7086	4005
1533	4006
8362	4007
9048	4008
8168	4009
8200	4010
257	4011
9151	4012
1588	4013
2112	4014
7588	4015
7857	4016
5295	4017
899	4018
2875	4019
4004	4020
1018	4021
7693	4022
3706	4023
5203	4024
6315	4025
2871	4026
2527	4027
7002	4028
6944	4029
9157	4030
5090	4031
6158	4032
7415	4033
3644	4034
8346	4035
9134	4036
8379	4037
4742	4038
1631	4039
4728	4040
5866	4041
1248	4042
1978	4043
6873	4044
944	4045
7092	4046
4007	4047
2167	4048
9600	4049
6019	4050
4798	4051
8863	4052
2191	4053
1064	4054
8193	4055
490	4056
371	4057
951	4058
7950	4059
5152	4060
2602	4061
4721	4062
5812	4063
2343	4064
2869	4065
6918	4066
38	4067
7064	4068
7635	4069
2215	4070
1992	4071
202	4072
6632	4073
8100	4074
7187	4075
1919	4076
512	4077
3691	4078
2476	4079
9296	4080
9502	4081
8983	4082
2974	4083
4744	4084
9010	4085
5880	4086
3383	4087
2753	4088
8415	4089
9194	4090
4946	4091
977	4092
3304	4093
5460	4094
8366	4095
8397	4096
5457	4097
1100	4098
6814	4099
210	4100
7522	4101
8546	4102
1856	4103
9739	4104
2898	4105
1051	4106
801	4107
1140	4108
7334	4109
481	4110
6050	4111
321	4112
8399	4113
308	4114
8622	4115
1194	4116
6422	4117
2969	4118
8978	4119
4911	4120
3115	4121
606	4122
5428	4123
2184	4124
740	4125
1431	4126
9671	4127
9174	4128
3483	4129
5827	4130
5960	4131
2654	4132
1560	4133
6121	4134
9400	4135
7712	4136
4674	4137
636	4138
9388	4139
8178	4140
4491	4141
218	4142
1299	4143
9664	4144
1390	4145
280	4146
5259	4147
7597	4148
2730	4149
3889	4150
6796	4151
6832	4152
9789	4153
993	4154
4437	4155
8378	4156
6443	4157
8439	4158
1880	4159
2724	4160
9199	4161
1899	4162
7343	4163
1056	4164
7880	4165
5217	4166
5835	4167
3087	4168
6996	4169
7945	4170
1259	4171
2938	4172
6562	4173
7800	4174
9770	4175
9612	4176
5480	4177
1446	4178
6605	4179
4421	4180
1886	4181
2741	4182
3274	4183
4401	4184
8651	4185
704	4186
360	4187
2641	4188
7534	4189
6116	4190
5017	4191
5076	4192
1351	4193
55	4194
4826	4195
9756	4196
7463	4197
7808	4198
2382	4199
554	4200
85	4201
676	4202
5305	4203
4358	4204
244	4205
9002	4206
3299	4207
320	4208
5811	4209
2295	4210
6713	4211
1195	4212
9758	4213
1756	4214
5994	4215
7010	4216
2304	4217
5375	4218
7927	4219
7198	4220
6735	4221
6136	4222
3823	4223
9363	4224
3014	4225
7748	4226
2652	4227
1514	4228
4528	4229
1291	4230
6793	4231
3932	4232
6359	4233
8645	4234
5459	4235
9171	4236
2465	4237
8118	4238
695	4239
647	4240
8431	4241
6020	4242
7984	4243
7162	4244
2981	4245
2297	4246
3985	4247
5263	4248
8830	4249
217	4250
9662	4251
5245	4252
8552	4253
6319	4254
722	4255
5634	4256
7131	4257
4797	4258
8748	4259
853	4260
9761	4261
1998	4262
5964	4263
9371	4264
8953	4265
2822	4266
1469	4267
6889	4268
380	4269
7013	4270
580	4271
9721	4272
1882	4273
253	4274
6903	4275
7171	4276
5843	4277
4058	4278
1075	4279
3592	4280
2804	4281
4266	4282
1622	4283
9281	4284
6831	4285
1157	4286
728	4287
6754	4288
9488	4289
5993	4290
9300	4291
6268	4292
8905	4293
6264	4294
1368	4295
5311	4296
9642	4297
7666	4298
3439	4299
3354	4300
4521	4301
7879	4302
3372	4303
4732	4304
9384	4305
6185	4306
5935	4307
7605	4308
1342	4309
7386	4310
6390	4311
5013	4312
1649	4313
2406	4314
1517	4315
3765	4316
6539	4317
756	4318
597	4319
9462	4320
2841	4321
8704	4322
5875	4323
8782	4324
6101	4325
1572	4326
348	4327
9007	4328
3018	4329
5422	4330
4741	4331
1167	4332
8159	4333
4917	4334
7021	4335
558	4336
6818	4337
3875	4338
957	4339
8965	4340
5664	4341
2889	4342
4595	4343
147	4344
8659	4345
8320	4346
420	4347
8245	4348
5210	4349
6981	4350
3501	4351
7296	4352
3675	4353
3752	4354
4704	4355
5682	4356
2135	4357
8	4358
3277	4359
7529	4360
66	4361
9394	4362
8870	4363
7816	4364
4547	4365
5277	4366
1004	4367
7065	4368
1489	4369
5987	4370
7625	4371
8695	4372
7601	4373
3353	4374
1570	4375
9445	4376
9760	4377
6373	4378
8484	4379
642	4380
7897	4381
757	4382
1898	4383
1005	4384
6003	4385
7119	4386
6740	4387
106	4388
4204	4389
1966	4390
5834	4391
7584	4392
2278	4393
8910	4394
6827	4395
6220	4396
3940	4397
5795	4398
7747	4399
8963	4400
4307	4401
5470	4402
6518	4403
7850	4404
3524	4405
2055	4406
9477	4407
7759	4408
2607	4409
4990	4410
9320	4411
5128	4412
3811	4413
1808	4414
111	4415
9127	4416
9207	4417
433	4418
7229	4419
38	4420
8929	4421
3272	4422
4824	4423
7876	4424
3722	4425
7536	4426
1320	4427
8725	4428
2506	4429
5743	4430
1066	4431
2380	4432
9058	4433
74	4434
5048	4435
8147	4436
3617	4437
2231	4438
2786	4439
9126	4440
8361	4441
3003	4442
1070	4443
5566	4444
4621	4445
9404	4446
7720	4447
5576	4448
261	4449
6027	4450
2403	4451
4106	4452
6140	4453
9595	4454
6327	4455
8680	4456
7053	4457
7745	4458
8083	4459
4452	4460
2583	4461
873	4462
1265	4463
8150	4464
761	4465
3459	4466
1582	4467
6643	4468
1824	4469
7413	4470
8539	4471
7014	4472
9634	4473
9689	4474
4353	4475
8289	4476
1185	4477
3157	4478
4456	4479
7264	4480
1219	4481
7207	4482
5662	4483
5205	4484
5406	4485
620	4486
6392	4487
6913	4488
3918	4489
5553	4490
2970	4491
9649	4492
4718	4493
6694	4494
8614	4495
1	4496
2792	4497
7122	4498
9706	4499
3967	4500
5854	4501
4526	4502
8176	4503
2874	4504
3165	4505
8912	4506
5868	4507
9012	4508
5251	4509
1122	4510
9588	4511
8860	4512
3194	4513
1531	4514
8526	4515
2852	4516
9496	4517
7204	4518
4283	4519
5844	4520
2364	4521
8007	4522
3516	4523
3541	4524
7894	4525
5846	4526
4274	4527
5141	4528
6597	4529
8586	4530
5314	4531
8079	4532
4626	4533
281	4534
5910	4535
1501	4536
5931	4537
2301	4538
2518	4539
5860	4540
5064	4541
4887	4542
579	4543
534	4544
2748	4545
8612	4546
6675	4547
5884	4548
8667	4549
5675	4550
2834	4551
9259	4552
5329	4553
5177	4554
463	4555
1422	4556
8380	4557
154	4558
9501	4559
896	4560
4471	4561
5666	4562
4234	4563
8136	4564
4994	4565
5799	4566
6660	4567
578	4568
2718	4569
7240	4570
2279	4571
1180	4572
4099	4573
8801	4574
1179	4575
4338	4576
8133	4577
3596	4578
2693	4579
2103	4580
7175	4581
6517	4582
6707	4583
768	4584
5501	4585
9124	4586
6621	4587
5529	4588
2731	4589
8998	4590
8513	4591
7973	4592
7696	4593
6487	4594
5584	4595
4050	4596
9274	4597
3976	4598
4624	4599
1240	4600
4024	4601
1318	4602
4051	4603
2121	4604
7851	4605
3990	4606
186	4607
8470	4608
9539	4609
5202	4610
9327	4611
7722	4612
3897	4613
4651	4614
9825	4615
8481	4616
5244	4617
8618	4618
6642	4619
4901	4620
7612	4621
7841	4622
4570	4623
1787	4624
976	4625
8949	4626
344	4627
5684	4628
6573	4629
3455	4630
5366	4631
8635	4632
9286	4633
7180	4634
6435	4635
4120	4636
8564	4637
2081	4638
9047	4639
9063	4640
3572	4641
3434	4642
3332	4643
7391	4644
5573	4645
4865	4646
4668	4647
6833	4648
6041	4649
1758	4650
1920	4651
2699	4652
7374	4653
414	4654
3951	4655
9125	4656
9556	4657
3211	4658
1563	4659
7328	4660
4988	4661
9204	4662
2130	4663
4440	4664
6737	4665
8327	4666
3886	4667
2630	4668
7902	4669
2685	4670
2463	4671
9285	4672
4314	4673
105	4674
9536	4675
2966	4676
4800	4677
2023	4678
3307	4679
1548	4680
4633	4681
6622	4682
8794	4683
3649	4684
2493	4685
2339	4686
4146	4687
7176	4688
1859	4689
1783	4690
4496	4691
1889	4692
752	4693
67	4694
589	4695
6029	4696
91	4697
8811	4698
6354	4699
2318	4700
3183	4701
2109	4702
7157	4703
3712	4704
7900	4705
3259	4706
8093	4707
5703	4708
6616	4709
180	4710
1602	4711
1213	4712
469	4713
8015	4714
2289	4715
4273	4716
8819	4717
4924	4718
8518	4719
5499	4720
5845	4721
5216	4722
3555	4723
3177	4724
7744	4725
6522	4726
1335	4727
996	4728
50	4729
6399	4730
7226	4731
4319	4732
720	4733
1036	4734
6098	4735
1215	4736
4723	4737
1116	4738
9530	4739
1091	4740
9593	4741
9094	4742
8989	4743
6376	4744
6923	4745
5165	4746
3584	4747
7156	4748
5461	4749
5167	4750
9622	4751
7465	4752
711	4753
5982	4754
683	4755
1519	4756
3419	4757
6045	4758
6128	4759
5733	4760
7020	4761
1202	4762
9933	4763
31	4764
9170	4765
5540	4766
8758	4767
4837	4768
5379	4769
3265	4770
1182	4771
4676	4772
473	4773
3922	4774
9912	4775
7566	4776
223	4777
9902	4778
3581	4779
9399	4780
200	4781
496	4782
6602	4783
1131	4784
2238	4785
4574	4786
5916	4787
1892	4788
7350	4789
300	4790
8620	4791
3130	4792
3941	4793
3621	4794
3629	4795
5163	4796
2566	4797
3391	4798
8656	4799
3740	4800
6453	4801
8896	4802
3037	4803
2507	4804
9465	4805
1386	4806
2551	4807
3062	4808
1962	4809
8120	4810
4472	4811
8956	4812
6867	4813
1719	4814
8233	4815
7791	4816
3899	4817
4102	4818
207	4819
973	4820
8161	4821
4455	4822
6204	4823
2173	4824
9857	4825
4032	4826
2609	4827
6340	4828
6500	4829
7215	4830
3642	4831
1258	4832
6452	4833
2248	4834
3858	4835
7716	4836
2308	4837
8002	4838
2232	4839
7837	4840
3782	4841
1988	4842
787	4843
6011	4844
802	4845
1661	4846
3320	4847
3964	4848
867	4849
2355	4850
2719	4851
1797	4852
4454	4853
3036	4854
58	4855
9498	4856
6317	4857
1254	4858
9554	4859
5241	4860
1979	4861
6679	4862
2903	4863
4121	4864
3789	4865
7638	4866
8557	4867
935	4868
1008	4869
274	4870
623	4871
9177	4872
3812	4873
8275	4874
394	4875
9186	4876
8188	4877
4469	4878
8544	4879
9459	4880
4356	4881
382	4882
8556	4883
5151	4884
3106	4885
6687	4886
7243	4887
4942	4888
339	4889
5363	4890
6701	4891
3590	4892
7947	4893
6144	4894
574	4895
7244	4896
204	4897
3574	4898
1566	4899
1784	4900
86	4901
3882	4902
7324	4903
8388	4904
4276	4905
6661	4906
5683	4907
3895	4908
9372	4909
5973	4910
341	4911
4212	4912
9858	4913
4653	4914
4213	4915
4811	4916
1038	4917
7728	4918
4461	4919
2832	4920
1471	4921
7100	4922
2156	4923
4833	4924
5225	4925
7562	4926
655	4927
3848	4928
4666	4929
5024	4930
3579	4931
6858	4932
2447	4933
1848	4934
937	4935
792	4936
9356	4937
4216	4938
48	4939
4871	4940
3915	4941
1455	4942
5118	4943
3761	4944
6864	4945
3248	4946
8706	4947
8408	4948
2628	4949
8824	4950
3447	4951
8198	4952
6540	4953
1305	4954
1311	4955
5116	4956
7155	4957
7656	4958
476	4959
1231	4960
1891	4961
813	4962
1761	4963
753	4964
4089	4965
6698	4966
1542	4967
2285	4968
2589	4969
288	4970
5646	4971
6997	4972
981	4973
4889	4974
6111	4975
8924	4976
4208	4977
7583	4978
6397	4979
2893	4980
8363	4981
6337	4982
6110	4983
5448	4984
9306	4985
9065	4986
7908	4987
1644	4988
8968	4989
2844	4990
7686	4991
3508	4992
6338	4993
6165	4994
9315	4995
751	4996
9778	4997
3911	4998
5316	4999
1768	5000
8569	5001
7006	5002
5950	5003
6514	5004
4975	5005
1792	5006
5409	5007
1999	5008
6010	5009
4439	5010
7644	5011
8154	5012
4577	5013
4929	5014
2806	5015
7230	5016
20	5017
814	5018
6233	5019
9476	5020
1349	5021
6509	5022
7223	5023
100	5024
9905	5025
4144	5026
1287	5027
1304	5028
8512	5029
3942	5030
8222	5031
2649	5032
712	5033
6974	5034
1779	5035
521	5036
6322	5037
5229	5038
3258	5039
2221	5040
9421	5041
70	5042
3566	5043
2638	5044
8907	5045
9509	5046
6878	5047
750	5048
1270	5049
7366	5050
6289	5051
44	5052
6926	5053
3005	5054
3929	5055
4485	5056
2800	5057
3582	5058
436	5059
4616	5060
7192	5061
8407	5062
7959	5063
2954	5064
9919	5065
4114	5066
1587	5067
1910	5068
3225	5069
1614	5070
3068	5071
5978	5072
7001	5073
5937	5074
7840	5075
4375	5076
9499	5077
3314	5078
3185	5079
1606	5080
3083	5081
3326	5082
2242	5083
2159	5084
1475	5085
978	5086
828	5087
3654	5088
9403	5089
9130	5090
9038	5091
1245	5092
4843	5093
4252	5094
8257	5095
6888	5096
6000	5097
1686	5098
1918	5099
6477	5100
1212	5101
9742	5102
7685	5103
4390	5104
9692	5105
2662	5106
7864	5107
25	5108
1553	5109
3255	5110
6081	5111
6160	5112
7653	5113
8887	5114
6811	5115
1401	5116
7507	5117
6446	5118
2365	5119
5394	5120
3109	5121
4693	5122
2645	5123
1196	5124
3200	5125
9052	5126
7518	5127
3079	5128
228	5129
4449	5130
2611	5131
5328	5132
569	5133
3543	5134
467	5135
6906	5136
88	5137
9040	5138
2933	5139
5143	5140
1699	5141
2484	5142
5855	5143
2377	5144
8199	5145
6625	5146
523	5147
4006	5148
1580	5149
7679	5150
4163	5151
3374	5152
6424	5153
9494	5154
4288	5155
7654	5156
6480	5157
6089	5158
1820	5159
9863	5160
8946	5161
4398	5162
7732	5163
882	5164
2143	5165
5435	5166
2726	5167
5804	5168
9431	5169
7621	5170
6252	5171
8235	5172
5727	5173
6613	5174
41	5175
5179	5176
510	5177
7987	5178
8638	5179
8540	5180
4783	5181
3362	5182
5498	5183
5544	5184
987	5185
8435	5186
10	5187
1878	5188
9198	5189
1634	5190
34	5191
6458	5192
4596	5193
7762	5194
5900	5195
7151	5196
3536	5197
9571	5198
7304	5199
7262	5200
3759	5201
1805	5202
6630	5203
8331	5204
5930	5205
1009	5206
2621	5207
4599	5208
7417	5209
6578	5210
3624	5211
6037	5212
4939	5213
6658	5214
962	5215
2951	5216
4065	5217
4333	5218
2789	5219
41	5220
8865	5221
3190	5222
3772	5223
3904	5224
784	5225
8427	5226
657	5227
6006	5228
5713	5229
4717	5230
605	5231
4564	5232
118	5233
4966	5234
6593	5235
3060	5236
2514	5237
2369	5238
4230	5239
6114	5240
56	5241
9045	5242
2050	5243
7088	5244
1993	5245
55	5246
2868	5247
7281	5248
8114	5249
6478	5250
8838	5251
7999	5252
9189	5253
3054	5254
5148	5255
6013	5256
7113	5257
6915	5258
9411	5259
2319	5260
5574	5261
8938	5262
9862	5263
9409	5264
399	5265
6040	5266
1573	5267
334	5268
1536	5269
4659	5270
2107	5271
7447	5272
6592	5273
5	5274
8884	5275
4907	5276
2101	5277
685	5278
9457	5279
8304	5280
3587	5281
1098	5282
8194	5283
7008	5284
4903	5285
7530	5286
1403	5287
4678	5288
5560	5289
3243	5290
351	5291
6840	5292
8373	5293
8763	5294
9323	5295
1161	5296
983	5297
6275	5298
4467	5299
4615	5300
1225	5301
5575	5302
1153	5303
1274	5304
5841	5305
6523	5306
7901	5307
5407	5308
7645	5309
6905	5310
5418	5311
9243	5312
9439	5313
5542	5314
8119	5315
3368	5316
2091	5317
4852	5318
988	5319
6609	5320
2996	5321
9707	5322
9522	5323
7393	5324
1437	5325
2272	5326
7290	5327
3677	5328
3931	5329
198	5330
1518	5331
9512	5332
2778	5333
2415	5334
5856	5335
2836	5336
8325	5337
47	5338
1860	5339
2738	5340
8751	5341
395	5342
465	5343
1457	5344
8492	5345
8085	5346
1071	5347
6265	5348
7174	5349
3846	5350
3834	5351
8372	5352
3843	5353
8398	5354
2790	5355
7194	5356
9107	5357
8578	5358
3634	5359
3659	5360
166	5361
7060	5362
2963	5363
5926	5364
4535	5365
2009	5366
2512	5367
669	5368
8737	5369
7810	5370
5588	5371
6065	5372
9195	5373
5692	5374
298	5375
1082	5376
1921	5377
6357	5378
8939	5379
6377	5380
8531	5381
4842	5382
9441	5383
1200	5384
1221	5385
9241	5386
6444	5387
8342	5388
9026	5389
8103	5390
575	5391
17	5392
5785	5393
7493	5394
30	5395
540	5396
6260	5397
8532	5398
9915	5399
427	5400
5513	5401
6062	5402
9455	5403
6644	5404
734	5405
9774	5406
2292	5407
8633	5408
5235	5409
4406	5410
6014	5411
9805	5412
1656	5413
9212	5414
9172	5415
2433	5416
8716	5417
4960	5418
176	5419
7498	5420
8792	5421
396	5422
8499	5423
1990	5424
9258	5425
4417	5426
9120	5427
5781	5428
7991	5429
8986	5430
7790	5431
3072	5432
2267	5433
9504	5434
4444	5435
4873	5436
3406	5437
2123	5438
1673	5439
8861	5440
3515	5441
7928	5442
5556	5443
2860	5444
5729	5445
4186	5446
4590	5447
4861	5448
6897	5449
8267	5450
9524	5451
4389	5452
4867	5453
4969	5454
2332	5455
7211	5456
4476	5457
4233	5458
8055	5459
2574	5460
9252	5461
7629	5462
1099	5463
5829	5464
4707	5465
2312	5466
7829	5467
1058	5468
2042	5469
2394	5470
507	5471
7678	5472
9644	5473
7775	5474
2509	5475
2387	5476
2020	5477
5650	5478
7160	5479
4973	5480
3361	5481
4072	5482
4700	5483
3710	5484
2588	5485
6545	5486
729	5487
7099	5488
6147	5489
1209	5490
7586	5491
3303	5492
7133	5493
423	5494
1218	5495
7550	5496
5507	5497
1150	5498
9772	5499
2070	5500
9248	5501
4391	5502
1123	5503
7813	5504
5127	5505
6641	5506
5417	5507
7396	5508
8679	5509
9443	5510
1119	5511
1057	5512
7787	5513
1935	5514
6801	5515
2688	5516
9782	5517
9763	5518
9192	5519
4682	5520
8836	5521
5218	5522
6	5523
5109	5524
9533	5525
2077	5526
6987	5527
7878	5528
7110	5529
7309	5530
5108	5531
5115	5532
8919	5533
4809	5534
4801	5535
3027	5536
8301	5537
3425	5538
7513	5539
4538	5540
5925	5541
3019	5542
45	5543
4766	5544
2580	5545
5485	5546
2701	5547
3174	5548
7288	5549
1048	5550
9831	5551
6490	5552
3717	5553
9390	5554
3444	5555
3305	5556
8550	5557
5346	5558
5814	5559
992	5560
8805	5561
1632	5562
7805	5563
1617	5564
994	5565
2923	5566
8345	5567
9544	5568
5302	5569
6829	5570
9856	5571
9436	5572
969	5573
2921	5574
428	5575
9827	5576
2075	5577
2895	5578
5581	5579
6496	5580
8410	5581
2798	5582
5089	5583
3666	5584
6194	5585
7490	5586
1428	5587
2533	5588
6651	5589
592	5590
5469	5591
6531	5592
5367	5593
7356	5594
9034	5595
1220	5596
4068	5597
3690	5598
8214	5599
9591	5600
9475	5601
4308	5602
8050	5603
8449	5604
2955	5605
4613	5606
2812	5607
5503	5608
7323	5609
7624	5610
3756	5611
2352	5612
1391	5613
8416	5614
7311	5615
5932	5616
906	5617
5000	5618
6533	5619
4853	5620
2454	5621
3241	5622
3960	5623
2334	5624
2329	5625
9873	5626
37	5627
4321	5628
256	5629
3056	5630
3639	5631
7606	5632
6091	5633
9836	5634
4549	5635
681	5636
3023	5637
1253	5638
4393	5639
1078	5640
4637	5641
5871	5642
5779	5643
2613	5644
1484	5645
233	5646
6501	5647
2886	5648
8507	5649
3160	5650
5601	5651
6395	5652
4930	5653
8715	5654
9277	5655
9087	5656
621	5657
8266	5658
3921	5659
8260	5660
9453	5661
8687	5662
36	5663
4138	5664
5387	5665
3828	5666
5677	5667
448	5668
941	5669
43	5670
9828	5671
4782	5672
9881	5673
2650	5674
4938	5675
7315	5676
8911	5677
3894	5678
975	5679
1255	5680
898	5681
4025	5682
2553	5683
1279	5684
5661	5685
7199	5686
1380	5687
8478	5688
4845	5689
943	5690
1944	5691
7141	5692
5619	5693
8250	5694
4511	5695
1222	5696
7096	5697
5585	5698
2118	5699
6309	5700
4967	5701
2987	5702
917	5703
3469	5704
4832	5705
1417	5706
3059	5707
644	5708
4904	5709
2119	5710
8562	5711
5343	5712
9072	5713
8351	5714
3623	5715
7341	5716
3289	5717
5077	5718
2948	5719
3954	5720
7114	5721
7729	5722
8734	5723
825	5724
8128	5725
354	5726
985	5727
4712	5728
4486	5729
2642	5730
4330	5731
9907	5732
3246	5733
6305	5734
7408	5735
8609	5736
3212	5737
9209	5738
247	5739
1905	5740
6142	5741
3386	5742
1811	5743
2110	5744
3218	5745
8889	5746
3223	5747
8604	5748
9810	5749
2539	5750
2991	5751
2608	5752
3202	5753
9531	5754
928	5755
5819	5756
5620	5757
8258	5758
8347	5759
5578	5760
9101	5761
6908	5762
4794	5763
5040	5764
9833	5765
1359	5766
6169	5767
781	5768
5230	5769
936	5770
1429	5771
701	5772
6404	5773
7434	5774
5515	5775
2253	5776
8689	5777
946	5778
2012	5779
8183	5780
530	5781
8580	5782
3819	5783
495	5784
6175	5785
8187	5786
893	5787
3256	5788
5199	5789
3021	5790
2710	5791
5748	5792
3081	5793
1806	5794
1170	5795
6181	5796
6563	5797
7074	5798
3487	5799
6576	5800
7364	5801
8729	5802
4999	5803
9380	5804
3801	5805
3825	5806
9882	5807
4020	5808
6102	5809
6122	5810
6419	5811
4422	5812
600	5813
1939	5814
224	5815
3443	5816
3113	5817
8026	5818
6150	5819
1395	5820
2432	5821
609	5822
2690	5823
6374	5824
2530	5825
3908	5826
1285	5827
3870	5828
4505	5829
8016	5830
6780	5831
2045	5832
6057	5833
8688	5834
9078	5835
796	5836
2408	5837
7692	5838
4081	5839
7388	5840
4429	5841
2873	5842
6587	5843
1173	5844
5348	5845
7348	5846
5895	5847
5400	5848
6092	5849
9458	5850
8563	5851
329	5852
136	5853
5603	5854
573	5855
8767	5856
4805	5857
5084	5858
5899	5859
405	5860
2773	5861
6773	5862
7398	5863
8970	5864
1242	5865
8074	5866
9297	5867
6684	5868
4090	5869
9493	5870
9815	5871
5321	5872
1927	5873
5370	5874
9715	5875
1864	5876
2199	5877
9268	5878
9687	5879
995	5880
5126	5881
542	5882
6249	5883
2850	5884
8740	5885
3422	5886
163	5887
4097	5888
169	5889
6287	5890
4122	5891
3207	5892
5431	5893
4955	5894
1755	5895
9370	5896
14	5897
8412	5898
2751	5899
1015	5900
2660	5901
8634	5902
4263	5903
5219	5904
3500	5905
5630	5906
22	5907
4363	5908
7164	5909
9469	5910
6387	5911
3343	5912
285	5913
1638	5914
8442	5915
8940	5916
6001	5917
6409	5918
457	5919
2046	5920
3506	5921
2570	5922
6492	5923
2034	5924
5599	5925
1193	5926
8892	5927
4935	5928
140	5929
5023	5930
4509	5931
103	5932
8469	5933
2971	5934
2327	5935
1904	5936
8712	5937
401	5938
7128	5939
3736	5940
4443	5941
8448	5942
5049	5943
852	5944
492	5945
5956	5946
2780	5947
7957	5948
6178	5949
8754	5950
9451	5951
670	5952
6783	5953
1206	5954
2739	5955
586	5956
6188	5957
7561	5958
4221	5959
3187	5960
1190	5961
833	5962
1693	5963
5432	5964
7956	5965
3129	5966
4957	5967
42	5968
2627	5969
9788	5970
3695	5971
1885	5972
1467	5973
691	5974
3486	5975
3840	5976
2337	5977
5369	5978
8309	5979
2713	5980
8251	5981
3620	5982
5794	5983
3968	5984
6415	5985
6856	5986
5005	5987
1494	5988
1187	5989
6321	5990
3188	5991
6227	5992
1902	5993
1630	5994
1777	5995
6770	5996
5597	5997
7017	5998
2511	5999
7675	6000
6389	6001
3913	6002
8438	6003
3238	6004
1688	6005
443	6006
3338	6007
3793	6008
259	6009
535	6010
8696	6011
8455	6012
8064	6013
5879	6014
4066	6015
6311	6016
9279	6017
295	6018
2742	6019
1226	6020
536	6021
9867	6022
9842	6023
1502	6024
9563	6025
1133	6026
7994	6027
7275	6028
4045	6029
4985	6030
368	6031
7424	6032
8171	6033
6841	6034
4388	6035
8135	6036
5817	6037
8685	6038
8837	6039
8066	6040
3580	6041
6808	6042
4531	6043
619	6044
7106	6045
1316	6046
9427	6047
5980	6048
3578	6049
4296	6050
6418	6051
49	6052
5828	6053
6685	6054
5649	6055
4591	6056
7511	6057
3221	6058
7479	6059
698	6060
6965	6061
7516	6062
6504	6063
4557	6064
1703	6065
8969	6066
7592	6067
3591	6068
1863	6069
8835	6070
3548	6071
8744	6072
9205	6073
2019	6074
1267	6075
9153	6076
7221	6077
990	6078
3813	6079
6583	6080
1381	6081
3783	6082
8418	6083
3926	6084
3992	6085
5445	6086
1483	6087
3030	6088
3636	6089
6450	6090
7607	6091
7212	6092
6722	6093
319	6094
4714	6095
7426	6096
2250	6097
7618	6098
2386	6099
7990	6100
7227	6101
3944	6102
157	6103
6297	6104
8392	6105
5189	6106
9112	6107
7003	6108
9158	6109
3458	6110
6912	6111
4432	6112
3549	6113
8282	6114
2362	6115
5360	6116
4831	6117
5800	6118
1199	6119
322	6120
4796	6121
5614	6122
8112	6123
818	6124
183	6125
8761	6126
2153	6127
4113	6128
897	6129
5268	6130
5008	6131
8778	6132
8646	6133
8387	6134
6192	6135
5822	6136
4336	6137
4380	6138
8768	6139
4857	6140
8473	6141
5753	6142
7619	6143
71	6144
648	6145
1296	6146
6733	6147
5476	6148
5721	6149
6668	6150
4474	6151
2859	6152
1273	6153
5512	6154
2500	6155
3979	6156
2058	6157
4323	6158
3446	6159
713	6160
1449	6161
6360	6162
2720	6163
7735	6164
4372	6165
4302	6166
9108	6167
6596	6168
5640	6169
4789	6170
9463	6171
3150	6172
5595	6173
1339	6174
6934	6175
1932	6176
9643	6177
2259	6178
7299	6179
8073	6180
6261	6181
7579	6182
6954	6183
2445	6184
7494	6185
4675	6186
8434	6187
2007	6188
5886	6189
4584	6190
9352	6191
9474	6192
3539	6193
1250	6194
7826	6195
5837	6196
2586	6197
8115	6198
1948	6199
8181	6200
8228	6201
6960	6202
2599	6203
3297	6204
1094	6205
6157	6206
2774	6207
4902	6208
5520	6209
7420	6210
1596	6211
5755	6212
2124	6213
6799	6214
869	6215
5735	6216
9848	6217
1855	6218
5915	6219
2413	6220
6343	6221
2807	6222
4652	6223
9293	6224
1590	6225
2619	6226
3842	6227
5592	6228
9254	6229
4064	6230
1609	6231
2960	6232
3955	6233
2179	6234
1341	6235
6930	6236
2856	6237
1183	6238
7834	6239
5262	6240
9140	6241
6054	6242
8864	6243
2194	6244
1608	6245
7702	6246
2823	6247
5012	6248
1897	6249
8673	6250
815	6251
7277	6252
8270	6253
5563	6254
6485	6255
1970	6256
5598	6257
8467	6258
309	6259
1655	6260
2492	6261
2441	6262
4954	6263
6962	6264
8802	6265
3994	6266
9709	6267
942	6268
5767	6269
9909	6270
8044	6271
2284	6272
2723	6273
8572	6274
2014	6275
149	6276
7730	6277
6439	6278
5486	6279
3035	6280
1812	6281
724	6282
9376	6283
4655	6284
7476	6285
26	6286
1162	6287
408	6288
8111	6289
7303	6290
5373	6291
4875	6292
6168	6293
938	6294
8672	6295
6310	6296
5182	6297
1782	6298
7045	6299
7798	6300
6532	6301
6659	6302
5353	6303
4162	6304
9218	6305
7912	6306
5193	6307
29	6308
866	6309
1550	6310
4660	6311
4899	6312
1062	6313
7633	6314
3409	6315
989	6316
2243	6317
895	6318
9582	6319
4211	6320
6626	6321
3946	6322
2177	6323
6835	6324
6332	6325
5190	6326
81	6327
2466	6328
3552	6329
3879	6330
459	6331
4178	6332
7252	6333
3291	6334
5654	6335
703	6336
6145	6337
3727	6338
2094	6339
1710	6340
2640	6341
9222	6342
7904	6343
7565	6344
6614	6345
7756	6346
9889	6347
3769	6348
1945	6349
8547	6350
1561	6351
6751	6352
4210	6353
6925	6354
4582	6355
7368	6356
5571	6357
585	6358
7200	6359
4373	6360
7983	6361
5775	6362
1012	6363
6024	6364
5645	6365
2467	6366
33	6367
9299	6368
4601	6369
1307	6370
9460	6371
7796	6372
9744	6373
117	6374
8391	6375
6891	6376
5123	6377
7871	6378
5605	6379
6043	6380
5169	6381
7843	6382
8779	6383
3803	6384
3245	6385
8815	6386
23	6387
9918	6388
733	6389
1409	6390
3180	6391
8975	6392
4087	6393
5312	6394
8549	6395
4630	6396
4661	6397
1753	6398
6396	6399
5238	6400
9656	6401
241	6402
2796	6403
4947	6404
2799	6405
499	6406
5985	6407
5274	6408
8941	6409
3786	6410
3123	6411
5220	6412
211	6413
7848	6414
5621	6415
9057	6416
3266	6417
9511	6418
90	6419
4643	6420
4107	6421
3785	6422
4430	6423
188	6424
265	6425
5051	6426
9729	6427
5436	6428
5744	6429
2596	6430
8311	6431
1861	6432
4769	6433
8000	6434
702	6435
8371	6436
4279	6437
4395	6438
6266	6439
5696	6440
8780	6441
4447	6442
8453	6443
9216	6444
5166	6445
5568	6446
3335	6447
5552	6448
6330	6449
1795	6450
9901	6451
1372	6452
3598	6453
3557	6454
9302	6455
479	6456
5066	6457
1713	6458
7887	6459
2209	6460
1712	6461
8430	6462
7680	6463
7301	6464
1118	6465
5414	6466
9819	6467
2573	6468
6384	6469
8561	6470
7387	6471
6745	6472
6852	6473
5429	6474
3457	6475
5955	6476
834	6477
6366	6478
1778	6479
7709	6480
5500	6481
4170	6482
6538	6483
3758	6484
8762	6485
8009	6486
748	6487
5867	6488
4060	6489
7711	6490
5038	6491
3178	6492
3171	6493
8862	6494
7532	6495
1876	6496
6950	6497
182	6498
6454	6499
1943	6500
3831	6501
7867	6502
3395	6503
9837	6504
2185	6505
3408	6506
1589	6507
8126	6508
4185	6509
2207	6510
9083	6511
9115	6512
3172	6513
6839	6514
5258	6515
4879	6516
593	6517
4053	6518
8662	6519
2905	6520
9577	6521
8883	6522
7492	6523
9791	6524
2169	6525
4318	6526
583	6527
2440	6528
2830	6529
565	6530
1321	6531
7788	6532
2425	6533
7655	6534
2877	6535
5467	6536
6394	6537
5658	6538
2498	6539
663	6540
3244	6541
7431	6542
7866	6543
5681	6544
7569	6545
8674	6546
2093	6547
1672	6548
939	6549
8596	6550
9845	6551
2689	6552
6672	6553
8554	6554
8353	6555
6792	6556
7287	6557
6146	6558
7379	6559
5623	6560
8495	6561
5538	6562
954	6563
1027	6564
2157	6565
2294	6566
8429	6567
209	6568
9187	6569
9500	6570
820	6571
2397	6572
8491	6573
5081	6574
3711	6575
7721	6576
2787	6577
2311	6578
3279	6579
5809	6580
445	6581
8297	6582
5338	6583
2234	6584
235	6585
2563	6586
7681	6587
5694	6588
6059	6589
4332	6590
1505	6591
470	6592
3970	6593
4495	6594
7118	6595
762	6596
9023	6597
641	6598
9580	6599
6712	6600
3181	6601
9089	6602
3412	6603
8558	6604
2623	6605
1276	6606
4206	6607
2696	6608
9795	6609
9669	6610
9180	6611
248	6612
9266	6613
9877	6614
8424	6615
612	6616
6896	6617
8613	6618
4671	6619
1546	6620
3575	6621
1327	6622
4149	6623
9698	6624
8477	6625
6256	6626
1236	6627
3768	6628
6671	6629
5920	6630
3891	6631
8935	6632
1987	6633
1054	6634
7727	6635
3398	6636
613	6637
4189	6638
6442	6639
7567	6640
9271	6641
2017	6642
1369	6643
3251	6644
4008	6645
6757	6646
4746	6647
9169	6648
9752	6649
3510	6650
5150	6651
6202	6652
5453	6653
7432	6654
1325	6655
9723	6656
6411	6657
4134	6658
460	6659
3741	6660
1535	6661
4183	6662
7646	6663
6589	6664
5691	6665
6828	6666
7203	6667
7603	6668
8218	6669
1266	6670
1271	6671
908	6672
1408	6673
4239	6674
7077	6675
5898	6676
2060	6677
2451	6678
8856	6679
11	6680
6345	6681
114	6682
844	6683
9814	6684
7080	6685
5440	6686
2136	6687
4142	6688
6700	6689
12	6690
6842	6691
303	6692
11	6693
572	6694
8242	6695
302	6696
3965	6697
9447	6698
4354	6699
5670	6700
7184	6701
9817	6702
4342	6703
372	6704
2037	6705
8339	6706
2340	6707
8627	6708
3667	6709
216	6710
4272	6711
6967	6712
8482	6713
5838	6714
6749	6715
9898	6716
8310	6717
1731	6718
9056	6719
237	6720
276	6721
2372	6722
4864	6723
6365	6724
5161	6725
5272	6726
9691	6727
9075	6728
8185	6729
7383	6730
9433	6731
903	6732
2988	6733
4750	6734
5559	6735
5802	6736
2102	6737
1462	6738
5558	6739
7595	6740
3497	6741
8852	6742
4190	6743
3563	6744
2835	6745
5091	6746
3568	6747
262	6748
7961	6749
1463	6750
8818	6751
4908	6752
6850	6753
2769	6754
1728	6755
4055	6756
2071	6757
4669	6758
1678	6759
6174	6760
3219	6761
9480	6762
6569	6763
9348	6764
5689	6765
9532	6766
2225	6767
3612	6768
3729	6769
8858	6770
3316	6771
1884	6772
6083	6773
8534	6774
4830	6775
8967	6776
8936	6777
3210	6778
5047	6779
3082	6780
79	6781
159	6782
4773	6783
9872	6784
822	6785
2708	6786
3798	6787
7078	6788
2436	6789
2665	6790
4071	6791
4009	6792
5518	6793
5307	6794
498	6795
2998	6796
3016	6797
1907	6798
5768	6799
4100	6800
9326	6801
1081	6802
44	6803
6173	6804
1421	6805
9471	6806
9397	6807
4772	6808
7270	6809
7558	6810
6784	6811
1490	6812
5942	6813
8607	6814
771	6815
3978	6816
5715	6817
4415	6818
439	6819
547	6820
4920	6821
7	6822
8374	6823
1722	6824
4799	6825
6471	6826
3095	6827
3966	6828
2326	6829
2460	6830
8994	6831
2637	6832
8286	6833
3778	6834
5947	6835
4945	6836
972	6837
6436	6838
4597	6839
9263	6840
9141	6841
2404	6842
4056	6843
3980	6844
4331	6845
1642	6846
1324	6847
2992	6848
3507	6849
3381	6850
4760	6851
2920	6852
6039	6853
8300	6854
4544	6855
6336	6856
8420	6857
7997	6858
2540	6859
4555	6860
2385	6861
7147	6862
9720	6863
9708	6864
5356	6865
4013	6866
6975	6867
5532	6868
1586	6869
2993	6870
6258	6871
2092	6872
3615	6873
123	6874
5702	6875
7931	6876
1184	6877
9681	6878
2258	6879
4431	6880
7234	6881
5961	6882
9492	6883
8755	6884
3138	6885
5286	6886
1117	6887
1529	6888
4075	6889
2472	6890
1581	6891
5419	6892
7278	6893
848	6894
7313	6895
715	6896
8206	6897
6038	6898
5354	6899
5294	6900
9562	6901
5657	6902
3950	6903
3329	6904
9627	6905
2031	6906
1651	6907
6134	6908
304	6909
4657	6910
5313	6911
462	6912
8800	6913
4164	6914
2315	6915
2587	6916
9515	6917
8977	6918
270	6919
4937	6920
8772	6921
3646	6922
7689	6923
8051	6924
2183	6925
2797	6926
9054	6927
8655	6928
2321	6929
500	6930
5035	6931
4909	6932
6984	6933
955	6934
5695	6935
924	6936
139	6937
7011	6938
668	6939
9154	6940
4423	6941
1461	6942
5113	6943
5600	6944
9333	6945
1757	6946
8807	6947
141	6948
5830	6949
9596	6950
4638	6951
7923	6952
2655	6953
8184	6954
3742	6955
4403	6956
1260	6957
3972	6958
6714	6959
2389	6960
4369	6961
1912	6962
8915	6963
8937	6964
1174	6965
3777	6966
7833	6967
374	6968
5122	6969
1432	6970
2022	6971
7035	6972
9100	6973
6099	6974
6112	6975
7351	6976
6963	6977
6198	6978
8931	6979
8914	6980
6244	6981
5120	6982
9424	6983
3810	6984
964	6985
8608	6986
6542	6987
777	6988
7471	6989
6952	6990
9343	6991
4961	6992
3709	6993
7652	6994
4958	6995
1866	6996
7038	6997
630	6998
4749	6999
4074	7000
2824	7001
3638	7002
1972	7003
618	7004
7807	7005
9270	7006
6105	7007
381	7008
7731	7009
1330	7010
7084	7011
9344	7012
6467	7013
1464	7014
4365	7015
2373	7016
8018	7017
6667	7018
6348	7019
2528	7020
8880	7021
6344	7022
7940	7023
3186	7024
1809	7025
6460	7026
9917	7027
5912	7028
5891	7029
624	7030
1593	7031
4052	7032
6236	7033
37	7034
6802	7035
5622	7036
7737	7037
398	7038
3692	7039
5317	7040
765	7041
2422	7042
6226	7043
6294	7044
7985	7045
240	7046
8081	7047
323	7048
892	7049
4532	7050
7495	7051
2575	7052
7219	7053
7754	7054
2187	7055
9308	7056
2186	7057
9428	7058
550	7059
9417	7060
6470	7061
7331	7062
1538	7063
3589	7064
7525	7065
375	7066
8404	7067
4588	7068
3533	7069
4435	7070
6647	7071
4724	7072
3347	7073
640	7074
2648	7075
6334	7076
5380	7077
2246	7078
5264	7079
650	7080
4593	7081
232	7082
6302	7083
6033	7084
1624	7085
2224	7086
8422	7087
5766	7088
5175	7089
8223	7090
4868	7091
2913	7092
2470	7093
8918	7094
4137	7095
3648	7096
2195	7097
7395	7098
5330	7099
2508	7100
2558	7101
8844	7102
5402	7103
3465	7104
8357	7105
8312	7106
912	7107
4815	7108
2354	7109
7794	7110
6810	7111
7455	7112
747	7113
4883	7114
6854	7115
4078	7116
9325	7117
6060	7118
2378	7119
3039	7120
5631	7121
493	7122
5255	7123
7428	7124
4734	7125
4249	7126
1089	7127
3715	7128
9726	7129
1763	7130
950	7131
5917	7132
4077	7133
7910	7134
6994	7135
5617	7136
8590	7137
1951	7138
9897	7139
2651	7140
838	7141
5769	7142
786	7143
7977	7144
5832	7145
3698	7146
744	7147
480	7148
7126	7149
7662	7150
4181	7151
5903	7152
8211	7153
7715	7154
2815	7155
4612	7156
3080	7157
2235	7158
6243	7159
5301	7160
61	7161
8091	7162
144	7163
5344	7164
2892	7165
6734	7166
6794	7167
8344	7168
4481	7169
9201	7170
9162	7171
1365	7172
8204	7173
1303	7174
8349	7175
4034	7176
8413	7177
2936	7178
6199	7179
1000	7180
8746	7181
2679	7182
9875	7183
9869	7184
4713	7185
9196	7186
8639	7187
816	7188
4404	7189
7225	7190
2975	7191
1958	7192
7489	7193
5608	7194
9137	7195
590	7196
2458	7197
3674	7198
9534	7199
9924	7200
4927	7201
8951	7202
7502	7203
7752	7204
810	7205
7996	7206
9020	7207
486	7208
5594	7209
2268	7210
7269	7211
960	7212
4489	7213
5893	7214
6367	7215
7943	7216
8713	7217
5522	7218
3571	7219
8846	7220
1353	7221
1163	7222
3732	7223
1781	7224
1488	7225
1674	7226
2916	7227
3651	7228
1953	7229
5774	7230
6299	7231
7188	7232
4286	7233
6949	7234
7125	7235
9786	7236
76	7237
6550	7238
667	7239
3757	7240
2956	7241
6791	7242
7425	7243
8822	7244
551	7245
4977	7246
9802	7247
2816	7248
5355	7249
5347	7250
3542	7251
3714	7252
8403	7253
7105	7254
5644	7255
915	7256
1433	7257
979	7258
2363	7259
4198	7260
6901	7261
7852	7262
7136	7263
2562	7264
6758	7265
7159	7266
6781	7267
407	7268
3339	7269
9491	7270
654	7271
7581	7272
8264	7273
2084	7274
9435	7275
961	7276
9823	7277
1272	7278
7793	7279
9402	7280
7047	7281
3914	7282
5919	7283
7858	7284
5998	7285
2240	7286
5239	7287
6008	7288
7872	7289
3331	7290
9574	7291
8292	7292
8375	7293
1752	7294
2396	7295
450	7296
7410	7297
7034	7298
5963	7299
8384	7300
1207	7301
7377	7302
8574	7303
2801	7304
5833	7305
5816	7306
7218	7307
4834	7308
4664	7309
9678	7310
215	7311
3853	7312
2342	7313
8879	7314
9757	7315
3086	7316
2423	7317
152	7318
5984	7319
2840	7320
2142	7321
9464	7322
638	7323
6180	7324
6546	7325
8450	7326
263	7327
3701	7328
4079	7329
230	7330
7636	7331
2820	7332
3593	7333
6004	7334
7571	7335
9347	7336
9076	7337
6222	7338
4840	7339
9312	7340
6493	7341
6046	7342
3134	7343
5704	7344
168	7345
699	7346
9779	7347
5521	7348
6705	7349
5014	7350
6756	7351
9520	7352
6575	7353
2851	7354
155	7355
5153	7356
1120	7357
9645	7358
2341	7359
7968	7360
2300	7361
5292	7362
894	7363
6301	7364
2328	7365
8999	7366
8524	7367
2548	7368
6123	7369
8736	7370
5139	7371
9809	7372
8068	7373
3333	7374
5924	7375
8317	7376
229	7377
7755	7378
497	7379
7665	7380
8610	7381
1734	7382
1670	7383
4849	7384
255	7385
2083	7386
6093	7387
5106	7388
8625	7389
9935	7390
891	7391
3102	7392
6619	7393
3275	7394
6284	7395
6771	7396
4702	7397
6719	7398
3547	7399
4952	7400
2330	7401
5309	7402
3991	7403
1858	7404
9702	7405
2826	7406
9257	7407
6744	7408
672	7409
1456	7410
8336	7411
760	7412
5954	7413
4043	7414
8288	7415
7082	7416
3034	7417
3317	7418
9621	7419
3093	7420
3477	7421
6270	7422
1348	7423
8131	7424
6012	7425
6911	7426
5022	7427
286	7428
4173	7429
9200	7430
5438	7431
1479	7432
847	7433
7355	7434
1101	7435
5068	7436
9468	7437
4614	7438
3841	7439
2305	7440
7784	7441
2497	7442
1774	7443
4245	7444
2196	7445
9016	7446
5674	7447
3370	7448
2819	7449
7814	7450
19	7451
9922	7452
6555	7453
9616	7454
6819	7455
9528	7456
6958	7457
4386	7458
6347	7459
4433	7460
1626	7461
2358	7462
2347	7463
5140	7464
4881	7465
6564	7466
1256	7467
6085	7468
5783	7469
1969	7470
9614	7471
7508	7472
9240	7473
980	7474
4180	7475
2193	7476
2581	7477
8678	7478
9422	7479
8693	7480
568	7481
5642	7482
5711	7483
9704	7484
5618	7485
5376	7486
2122	7487
3883	7488
8042	7489
5234	7490
8253	7491
3104	7492
4235	7493
4010	7494
2395	7495
9135	7496
3474	7497
4565	7498
7462	7499
1023	7500
8598	7501
2168	7502
8697	7503
4898	7504
3538	7505
2669	7506
3672	7507
3191	7508
557	7509
9816	7510
7148	7511
2029	7512
1565	7513
1837	7514
6586	7515
6558	7516
3228	7517
2016	7518
1186	7519
1312	7520
1771	7521
131	7522
5132	7523
3371	7524
5335	7525
362	7526
1168	7527
1645	7528
3917	7529
6113	7530
6595	7531
4940	7532
6978	7533
4448	7534
9568	7535
8961	7536
3484	7537
8063	7538
8202	7539
501	7540
5941	7541
5097	7542
2504	7543
7285	7544
5761	7545
7966	7546
6617	7547
1909	7548
8213	7549
652	7550
7593	7551
3250	7552
7933	7553
4299	7554
6472	7555
4005	7556
7362	7557
5079	7558
4817	7559
7439	7560
8964	7561
1844	7562
788	7563
4082	7564
484	7565
2698	7566
6225	7567
6634	7568
880	7569
3799	7570
3322	7571
8156	7572
7405	7573
5612	7574
6761	7575
6281	7576
4751	7577
9801	7578
2424	7579
5773	7580
543	7581
2448	7582
3306	7583
9255	7584
1031	7585
3863	7586
5883	7587
5502	7588
4305	7589
8307	7590
3599	7591
2707	7592
5734	7593
4517	7594
6868	7595
7847	7596
1620	7597
1151	7598
7684	7599
8528	7600
4768	7601
6476	7602
5700	7603
1074	7604
2264	7605
1709	7606
5557	7607
2656	7608
5034	7609
4694	7610
4628	7611
2348	7612
2908	7613
651	7614
4493	7615
3728	7616
6939	7617
5549	7618
4993	7619
8417	7620
2116	7621
6117	7622
4552	7623
3084	7624
1049	7625
6662	7626
8793	7627
4188	7628
9851	7629
7411	7630
284	7631
18	7632
9106	7633
1040	7634
4041	7635
3746	7636
9725	7637
4346	7638
4810	7639
6529	7640
3401	7641
1350	7642
9847	7643
8095	7644
7371	7645
7438	7646
6985	7647
1724	7648
5589	7649
7909	7650
6917	7651
3726	7652
4997	7653
158	7654
7734	7655
2249	7656
6465	7657
5784	7658
7022	7659
1136	7660
5111	7661
9903	7662
5413	7663
6566	7664
8714	7665
1595	7666
2929	7667
2663	7668
2909	7669
1016	7670
6234	7671
8966	7672
340	7673
8333	7674
294	7675
7307	7676
9822	7677
4241	7678
9278	7679
2486	7680
7533	7681
674	7682
2862	7683
6257	7684
7767	7685
1506	7686
7827	7687
8047	7688
6995	7689
5423	7690
633	7691
2666	7692
524	7693
9338	7694
6527	7695
5990	7696
5473	7697
7459	7698
9068	7699
1830	7700
4617	7701
9168	7702
9628	7703
5016	7704
8402	7705
8104	7706
4770	7707
2957	7708
3328	7709
1129	7710
7939	7711
8459	7712
4002	7713
6729	7714
4470	7715
254	7716
6788	7717
135	7718
8123	7719
3832	7720
7899	7721
2228	7722
7375	7723
9346	7724
9806	7725
3744	7726
1314	7727
4416	7728
301	7729
7195	7730
2821	7731
4527	7732
8962	7733
3189	7734
5756	7735
1301	7736
1252	7737
3495	7738
1384	7739
4644	7740
3602	7741
2090	7742
6899	7743
4551	7744
5055	7745
4109	7746
1730	7747
4339	7748
8509	7749
9208	7750
6652	7751
7276	7752
7165	7753
2265	7754
4629	7755
8579	7756
6648	7757
8151	7758
6883	7759
28	7760
3588	7761
7123	7762
2096	7763
3226	7764
9766	7765
1985	7766
8570	7767
1045	7768
2680	7769
6468	7770
4033	7771
1736	7772
9730	7773
7268	7774
1244	7775
5208	7776
4348	7777
9099	7778
7448	7779
4298	7780
7312	7781
5862	7782
793	7783
6512	7784
6068	7785
7519	7786
3417	7787
5889	7788
9019	7789
7553	7790
7472	7791
7235	7792
384	7793
4996	7794
6369	7795
8167	7796
1189	7797
9438	7798
2930	7799
4036	7800
3429	7801
119	7802
7196	7803
2766	7804
4754	7805
1685	7806
6953	7807
1676	7808
905	7809
416	7810
4684	7811
1982	7812
7167	7813
9416	7814
4787	7815
2407	7816
6293	7817
356	7818
7289	7819
3097	7820
175	7821
9581	7822
4878	7823
5771	7824
8868	7825
5433	7826
6448	7827
6823	7828
4894	7829
3373	7830
4543	7831
6248	7832
4635	7833
6235	7834
1745	7835
3089	7836
9289	7837
3707	7838
5368	7839
5053	7840
5863	7841
6380	7842
345	7843
9413	7844
6325	7845
1652	7846
2571	7847
5147	7848
18	7849
4124	7850
5663	7851
6428	7852
1441	7853
5757	7854
9629	7855
2990	7856
9773	7857
2678	7858
3995	7859
2544	7860
1243	7861
3993	7862
9929	7863
528	7864
5256	7865
7220	7866
8224	7867
3815	7868
6030	7869
5858	7870
9	7871
27	7872
3369	7873
515	7874
3012	7875
7713	7876
949	7877
1913	7878
7682	7879
2691	7880
661	7881
6216	7882
4214	7883
8776	7884
1481	7885
6874	7886
7071	7887
7978	7888
6406	7889
7406	7890
2915	7891
17	7892
1358	7893
3456	7894
5336	7895
7542	7896
5550	7897
7073	7898
8086	7899
1354	7900
1629	7901
9740	7902
1803	7903
5388	7904
8658	7905
6475	7906
9361	7907
1107	7908
769	7909
3193	7910
876	7911
9537	7912
1680	7913
2729	7914
266	7915
2026	7916
7057	7917
7520	7918
1984	7919
1527	7920
637	7921
5087	7922
8759	7923
2018	7924
2842	7925
8916	7926
7135	7927
4567	7928
440	7929
4242	7930
959	7931
8798	7932
737	7933
6606	7934
8917	7935
3794	7936
3122	7937
7027	7938
8752	7939
3608	7940
1967	7941
5434	7942
2843	7943
4271	7944
3229	7945
4240	7946
1044	7947
9434	7948
4376	7949
6778	7950
9625	7951
5717	7952
1143	7953
3770	7954
5951	7955
4589	7956
3164	7957
3293	7958
3708	7959
5044	7960
13	7961
5629	7962
7965	7963
6807	7964
4039	7965
4229	7966
307	7967
7718	7968
520	7969
1277	7970
4604	7971
3963	7972
4237	7973
9405	7974
6282	7975
886	7976
5929	7977
3771	7978
6362	7979
9699	7980
181	7981
4258	7982
6800	7983
4324	7984
2703	7985
2941	7986
5818	7987
2426	7988
4568	7989
1485	7990
7687	7991
3826	7992
1541	7993
8274	7994
2076	7995
2885	7996
174	7997
9178	7998
4696	7999
8542	8000
6088	8001
930	8002
1383	8003
4953	8004
9783	8005
6979	8006
1223	8007
47	8008
846	8009
9661	8010
6274	8011
8770	8012
8840	8013
4761	8014
2178	8015
4719	8016
8005	8017
5901	8018
3923	8019
9046	8020
8382	8021
7293	8022
3903	8023
5249	8024
2262	8025
5997	8026
8092	8027
8839	8028
9121	8029
8124	8030
1278	8031
4300	8032
1894	8033
3719	8034
854	8035
9378	8036
7604	8037
355	8038
5725	8039
4998	8040
7771	8041
3835	8042
4104	8043
1772	8044
3249	8045
8113	8046
2150	8047
4910	8048
8269	8049
8335	8050
8583	8051
2772	8052
8738	8053
6084	8054
7979	8055
9073	8056
3935	8057
4260	8058
3697	8059
80	8060
4780	8061
1843	8062
6331	8063
4048	8064
7723	8065
6167	8066
8493	8067
6752	8068
6885	8069
1029	8070
3887	8071
6693	8072
2962	8073
5514	8074
3168	8075
2283	8076
662	8077
7557	8078
6237	8079
6599	8080
9131	8081
4063	8082
5138	8083
8647	8084
4525	8085
9251	8086
6170	8087
4963	8088
6133	8089
8231	8090
5215	8091
717	8092
1035	8093
4828	8094
2503	8095
9148	8096
6242	8097
6438	8098
8305	8099
4705	8100
3735	8101
1704	8102
4663	8103
4841	8104
8669	8105
2138	8106
2059	8107
4225	8108
1786	8109
7129	8110
8615	8111
5526	8112
6991	8113
5030	8114
904	8115
451	8116
2166	8117
4980	8118
1888	8119
5046	8120
5983	8121
8781	8122
5625	8123
9139	8124
3476	8125
6636	8126
2967	8127
9081	8128
2052	8129
366	8130
142	8131
6431	8132
6223	8133
2802	8134
6329	8135
2198	8136
5299	8137
2764	8138
6437	8139
8021	8140
4044	8141
863	8142
9684	8143
2490	8144
6296	8145
1246	8146
4098	8147
4882	8148
466	8149
4976	8150
2125	8151
7097	8152
5881	8153
6607	8154
3802	8155
9454	8156
1017	8157
9095	8158
4793	8159
1177	8160
1385	8161
8692	8162
110	8163
9759	8164
1145	8165
2762	8166
7694	8167
2857	8168
6822	8169
6623	8170
6704	8171
5672	8172
7210	8173
9839	8174
6964	8175
7921	8176
7385	8177
4129	8178
9776	8179
2902	8180
9156	8181
8529	8182
6291	8183
3962	8184
2817	8185
502	8186
7946	8187
3668	8188
1683	8189
3440	8190
8252	8191
6706	8192
7081	8193
5125	8194
2716	8195
1191	8196
649	8197
3463	8198
945	8199
7844	8200
4755	8201
2414	8202
3360	8203
5186	8204
4290	8205
2359	8206
179	8207
1496	8208
3310	8209
4888	8210
2205	8211
553	8212
6007	8213
4370	8214
6515	8215
214	8216
6924	8217
1347	8218
2251	8219
2479	8220
5131	8221
4311	8222
6179	8223
1914	8224
7746	8225
9340	8226
772	8227
3124	8228
8376	8229
2182	8230
2811	8231
8777	8232
7149	8233
9829	8234
5788	8235
2353	8236
4361	8237
5304	8238
862	8239
7610	8240
7598	8241
9936	8242
968	8243
8189	8244
5054	8245
5391	8246
4877	8247
7725	8248
3700	8249
2794	8250
1591	8251
4150	8252
1124	8253
2089	8254
84	8255
587	8256
3273	8257
5254	8258
4699	8259
9813	8260
9401	8261
287	8262
4709	8263
7710	8264
6931	8265
5758	8266
9407	8267
6902	8268
113	8269
4392	8270
3390	8271
5764	8272
3633	8273
5483	8274
7067	8275
8945	8276
819	8277
4784	8278
9070	8279
7772	8280
7376	8281
1510	8282
42	8283
4807	8284
4781	8285
7641	8286
8283	8287
9547	8288
6023	8289
5094	8290
5732	8291
7062	8292
5003	8293
4312	8294
1156	8295
4147	8296
5415	8297
6601	8298
1105	8299
102	8300
6552	8301
2612	8302
4262	8303
9419	8304
8489	8305
1853	8306
707	8307
62	8308
1013	8309
3498	8310
5093	8311
7446	8312
6153	8313
8711	8314
1474	8315
2381	8316
6696	8317
3175	8318
1821	8319
6844	8320
2482	8321
8582	8322
7963	8323
5058	8324
9004	8325
533	8326
6947	8327
4936	8328
875	8329
7575	8330
4412	8331
1721	8332
4351	8333
3285	8334
870	8335
8129	8336
5425	8337
2255	8338
1799	8339
2053	8340
367	8341
4165	8342
7111	8343
5197	8344
4399	8345
8483	8346
7673	8347
5907	8348
4438	8349
8976	8350
7986	8351
8629	8352
7443	8353
2756	8354
2814	8355
387	8356
5716	8357
7703	8358
6688	8359
328	8360
4246	8361
2227	8362
6635	8363
4016	8364
8592	8365
9750	8366
3796	8367
8323	8368
2659	8369
1509	8370
901	8371
601	8372
4128	8373
2984	8374
8480	8375
3452	8376
8521	8377
4202	8378
516	8379
3192	8380
7066	8381
9440	8382
9641	8383
1478	8384
4518	8385
5643	8386
468	8387
2496	8388
5909	8389
6574	8390
7440	8391
5072	8392
2392	8393
6821	8394
5194	8395
9564	8396
7949	8397
5326	8398
7736	8399
2097	8400
8360	8401
5452	8402
7918	8403
2349	8404
4501	8405
9618	8406
2286	8407
335	8408
5554	8409
6139	8410
9387	8411
5896	8412
9242	8413
1585	8414
3418	8415
4192	8416
8169	8417
8750	8418
9510	8419
4167	8420
6277	8421
1997	8422
2947	8423
6056	8424
5310	8425
1924	8426
5267	8427
3513	8428
2914	8429
3045	8430
2686	8431
6933	8432
7882	8433
3745	8434
177	8435
7242	8436
6689	8437
1916	8438
5365	8439
3564	8440
2399	8441
7083	8442
236	8443
8581	8444
352	8445
7363	8446
4223	8447
598	8448
6567	8449
1292	8450
6316	8451
3209	8452
2290	8453
1440	8454
8268	8455
3816	8456
1423	8457
2695	8458
716	8459
9590	8460
231	8461
2067	8462
3286	8463
9597	8464
2324	8465
4850	8466
1578	8467
7845	8468
1732	8469
8117	8470
7191	8471
9679	8472
6825	8473
5236	8474
6709	8475
6137	8476
6127	8477
9771	8478
325	8479
7764	8480
7669	8481
8640	8482
7153	8483
4730	8484
9838	8485
4135	8486
6383	8487
8897	8488
1414	8489
96	8490
3025	8491
8437	8492
4062	8493
7552	8494
3699	8495
4503	8496
4168	8497
431	8498
9727	8499
7898	8500
3489	8501
9406	8502
2320	8503
9820	8504
9234	8505
6009	8506
3445	8507
7302	8508
671	8509
3795	8510
5181	8511
9937	8512
2162	8513
3038	8514
7509	8515
2732	8516
9886	8517
6118	8518
791	8519
4931	8520
1677	8521
8894	8522
3808	8523
2132	8524
7936	8525
3268	8526
3336	8527
4950	8528
7036	8529
5565	8530
6703	8531
2151	8532
3197	8533
883	8534
7661	8535
6782	8536
5562	8537
8163	8538
3809	8539
9927	8540
1003	8541
9214	8542
7865	8543
213	8544
5192	8545
26	8546
7776	8547
8769	8548
5726	8549
9103	8550
8337	8551
7559	8552
1574	8553
1635	8554
2770	8555
3414	8556
6196	8557
1849	8558
4046	8559
9110	8560
5164	8561
292	8562
696	8563
6716	8564
3009	8565
2241	8566
6368	8567
5587	8568
212	8569
4218	8570
3201	8571
8332	8572
3140	8573
9247	8574
3945	8575
5579	8576
6410	8577
29	8578
3119	8579
3773	8580
7286	8581
4607	8582
9152	8583
851	8584
986	8585
6863	8586
2260	8587
5056	8588
1956	8589
8538	8590
8329	8591
9864	8592
1692	8593
7261	8594
5648	8595
2526	8596
5092	8597
3433	8598
5211	8599
6766	8600
6580	8601
3938	8602
840	8603
7249	8604
2390	8605
1357	8606
9055	8607
4762	8608
330	8609
8933	8610
3269	8611
1034	8612
3199	8613
6992	8614
6628	8615
7795	8616
2216	8617
688	8618
8571	8619
2261	8620
6290	8621
5659	8622
7491	8623
3594	8624
9585	8625
9283	8626
4972	8627
5718	8628
1947	8629
710	8630
1551	8631
9398	8632
5776	8633
5801	8634
5293	8635
8238	8636
4409	8637
419	8638
5332	8639
293	8640
4933	8641
6152	8642
7587	8643
8014	8644
7501	8645
2934	8646
562	8647
6494	8648
7521	8649
1310	8650
2192	8651
3797	8652
4394	8653
9329	8654
5395	8655
6499	8656
9389	8657
7573	8658
2141	8659
1887	8660
1382	8661
3676	8662
8857	8663
3198	8664
8472	8665
7766	8666
9899	8667
3871	8668
2958	8669
2416	8670
9149	8671
7421	8672
8979	8673
2600	8674
6036	8675
2561	8676
8496	8677
5792	8678
8013	8679
6055	8680
5519	8681
2287	8682
4387	8683
5613	8684
6052	8685
2700	8686
794	8687
9894	8688
5214	8689
2220	8690
6656	8691
3000	8692
7856	8693
4158	8694
1224	8695
1394	8696
3075	8697
5652	8698
9280	8699
7	8700
494	8701
8099	8702
7091	8703
7895	8704
4739	8705
5763	8706
7389	8707
721	8708
1831	8709
7663	8710
3105	8711
5615	8712
4428	8713
435	8714
1545	8715
5384	8716
2884	8717
8246	8718
8506	8719
8854	8720
3017	8721
7046	8722
3313	8723
8908	8724
9495	8725
8302	8726
2148	8727
1237	8728
6655	8729
5269	8730
2849	8731
1995	8732
4776	8733
1217	8734
6407	8735
8155	8736
7929	8737
7941	8738
9393	8739
7570	8740
3342	8741
2217	8742
3182	8743
8952	8744
4662	8745
809	8746
4	8747
5095	8748
3705	8749
6776	8750
8739	8751
7599	8752
7418	8753
7236	8754
5602	8755
1665	8756
5607	8757
6909	8758
3074	8759
2531	8760
1234	8761
4110	8762
6544	8763
1769	8764
6857	8765
9868	8766
5864	8767
1633	8768
5551	8769
3821	8770
1201	8771
5107	8772
3055	8773
2230	8774
8747	8775
3363	8776
785	8777
291	8778
9267	8779
3930	8780
9630	8781
634	8782
4	8783
3351	8784
8922	8785
6520	8786
7346	8787
6308	8788
8263	8789
1735	8790
5025	8791
8869	8792
6312	8793
3573	8794
7632	8795
2549	8796
2435	8797
9276	8798
5424	8799
8728	8800
8137	8801
9672	8802
9288	8803
581	8804
2735	8805
9636	8806
2049	8807
9749	8808
2592	8809
514	8810
6594	8811
2604	8812
3822	8813
7087	8814
4407	8815
4017	8816
2073	8817
2808	8818
5892	8819
4115	8820
8903	8821
1681	8822
8560	8823
675	8824
6921	8825
5991	8826
1973	8827
1959	8828
5088	8829
3382	8830
5686	8831
1822	8832
6149	8833
8886	8834
5223	8835
5100	8836
9908	8837
6130	8838
2931	8839
1857	8840
3537	8841
3270	8842
5815	8843
9731	8844
5136	8845
1497	8846
365	8847
2674	8848
1257	8849
806	8850
4179	8851
1865	8852
4427	8853
2803	8854
1470	8855
931	8856
349	8857
4632	8858
7922	8859
782	8860
1813	8861
393	8862
8875	8863
7785	8864
4523	8865
1426	8866
4022	8867
5933	8868
7015	8869
9617	8870
9060	8871
8293	8872
3284	8873
7877	8874
3145	8875
4775	8876
2978	8877
5533	8878
3158	8879
8726	8880
4726	8881
5698	8882
4175	8883
6886	8884
2779	8885
22	8886
8273	8887
1801	8888
9261	8889
7442	8890
9673	8891
4244	8892
8859	8893
4111	8894
2491	8895
1020	8896
290	8897
8207	8898
8034	8899
5437	8900
4703	8901
4012	8902
6900	8903
1113	8904
7058	8905
3718	8906
9900	8907
2880	8908
2853	8909
2833	8910
8958	8911
15	8912
4530	8913
7461	8914
3496	8915
7672	8916
6525	8917
6162	8918
5509	8919
3625	8920
8423	8921
9330	8922
1139	8923
5351	8924
7832	8925
2333	8926
1654	8927
3114	8928
7352	8929
1333	8930
1603	8931
56	8932
7481	8933
627	8934
8797	8935
2000	8936
6138	8937
7937	8938
2499	8939
1460	8940
984	8941
6074	8942
332	8943
4575	8944
8315	8945
616	8946
1352	8947
635	8948
7700	8949
4729	8950
4778	8951
2366	8952
827	8953
2595	8954
5019	8955
7185	8956
5052	8957
1088	8958
9005	8959
4508	8960
3969	8961
3833	8962
4484	8963
9552	8964
122	8965
8322	8966
9911	8967
3008	8968
5447	8969
7397	8970
7962	8971
9470	8972
6172	8973
9408	8974
6324	8975
7600	8976
7108	8977
1059	8978
8356	8979
531	8980
8971	8981
1046	8982
6579	8983
3309	8984
7140	8985
7975	8986
1500	8987
8053	8988
2890	8989
5668	8990
7484	8991
6884	8992
6805	8993
6837	8994
9880	8995
2664	8996
7488	8997
5401	8998
471	8999
2872	9000
7683	9001
8628	9002
6760	9003
9799	9004
99	9005
2299	9006
3820	9007
2376	9008
5426	9009
1144	9010
2897	9011
8174	9012
3517	9013
4136	9014
1033	9015
4748	9016
7577	9017
9840	9018
5739	9019
3416	9020
5290	9021
2759	9022
1447	9023
7274	9024
3747	9025
8295	9026
3844	9027
2781	9028
7127	9029
3231	9030
7892	9031
8084	9032
2942	9033
3637	9034
4583	9035
5006	9036
1263	9037
2624	9038
6191	9039
1412	9040
680	9041
3348	9042
6497	9043
9008	9044
9934	9045
9220	9046
1392	9047
7282	9048
1974	9049
8980	9050
299	9051
3399	9052
9229	9053
4425	9054
7690	9055
3253	9056
4093	9057
2598	9058
369	9059
1604	9060
4991	9061
4414	9062
1525	9063
3061	9064
296	9065
404	9066
4316	9067
6610	9068
9793	9069
1439	9070
8116	9071
5791	9072
6600	9073
7539	9074
8873	9075
2233	9076
3078	9077
2379	9078
1172	9079
377	9080
2728	9081
5709	9082
7886	9083
474	9084
7627	9085
5441	9086
6455	9087
6956	9088
8664	9089
2331	9090
8471	9091
1840	9092
563	9093
9317	9094
9884	9095
9747	9096
9231	9097
8203	9098
948	9099
1628	9100
3907	9101
6741	9102
165	9103
614	9104
2706	9105
3733	9106
1829	9107
6937	9108
1814	9109
7802	9110
7085	9111
4153	9112
5839	9113
8097	9114
9648	9115
509	9116
373	9117
4027	9118
8205	9119
9870	9120
6914	9121
5851	9122
1302	9123
8239	9124
7284	9125
9505	9126
1933	9127
776	9128
1030	9129
243	9130
864	9131
1466	9132
3868	9133
6530	9134
7033	9135
1594	9136
9336	9137
109	9138
1080	9139
5383	9140
923	9141
2257	9142
4586	9143
4328	9144
5669	9145
5275	9146
1697	9147
3437	9148
8082	9149
7370	9150
3792	9151
8684	9152
9928	9153
4619	9154
3029	9155
5381	9156
5382	9157
5876	9158
5063	9159
1996	9160
5547	9161
3345	9162
9117	9163
3609	9164
9589	9165
1567	9166
6104	9167
8636	9168
6887	9169
8642	9170
5253	9171
5324	9172
34	9173
1877	9174
5300	9175
2200	9176
9824	9177
6495	9178
2760	9179
2468	9180
4483	9181
588	9182
1371	9183
2513	9184
2534	9185
4603	9186
1940	9187
8229	9188
7955	9189
8720	9190
434	9191
4964	9192
5905	9193
8197	9194
4862	9195
353	9196
4462	9197
7781	9198
1346	9199
8004	9200
8641	9201
7121	9202
4722	9203
3766	9204
9854	9205
9144	9206
3315	9207
8505	9208
9703	9209
7138	9210
604	9211
3007	9212
8825	9213
6665	9214
6895	9215
5137	9216
9860	9217
7617	9218
477	9219
6352	9220
32	9221
5232	9222
4411	9223
8094	9224
9667	9225
6742	9226
4822	9227
3137	9228
1543	9229
1917	9230
2636	9231
920	9232
2591	9233
6021	9234
5443	9235
5187	9236
3716	9237
3817	9238
8676	9239
5908	9240
4913	9241
249	9242
8433	9243
1660	9244
861	9245
3144	9246
4215	9247
8401	9248
36	9249
1955	9250
6189	9251
2777	9252
999	9253
7061	9254
3499	9255
225	9256
9808	9257
3518	9258
167	9259
1667	9260
2344	9261
3737	9262
9834	9263
4095	9264
7862	9265
3139	9266
5021	9267
1627	9268
9712	9269
6603	9270
1468	9271
2709	9272
3653	9273
3116	9274
6245	9275
8109	9276
7738	9277
2065	9278
6654	9279
485	9280
2919	9281
1750	9282
1870	9283
4646	9284
3064	9285
2767	9286
6554	9287
3606	9288
171	9289
9086	9290
9210	9291
2274	9292
14	9293
6025	9294
2469	9295
6333	9296
196	9297
5626	9298
9745	9299
8479	9300
5352	9301
3146	9302
6702	9303
5041	9304
9675	9305
4918	9306
7322	9307
8208	9308
5237	9309
9507	9310
2457	9311
4011	9312
3153	9313
4362	9314
8186	9315
297	9316
8090	9317
599	9318
603	9319
8611	9320
6382	9321
868	9322
1636	9323
6481	9324
5195	9325
6370	9326
9375	9327
6421	9328
8774	9329
5070	9330
6135	9331
7648	9332
2129	9333
1313	9334
5894	9335
203	9336
6423	9337
2367	9338
4067	9339
9517	9340
1363	9341
5530	9342
5914	9343
1747	9344
3857	9345
4151	9346
4402	9347
3678	9348
9461	9349
3378	9350
4197	9351
82	9352
5872	9353
7039	9354
7321	9355
1319	9356
1424	9357
5481	9358
1154	9359
2677	9360
2036	9361
8182	9362
2452	9363
7012	9364
1452	9365
3628	9366
4854	9367
5168	9368
87	9369
8105	9370
3247	9371
9213	9372
161	9373
6942	9374
9891	9375
5974	9376
7319	9377
3534	9378
313	9379
5246	9380
4708	9381
3614	9382
1498	9383
4280	9384
3827	9385
4667	9386
9116	9387
3855	9388
2477	9389
3155	9390
2523	9391
7594	9392
9615	9393
6016	9394
8210	9395
3380	9396
5720	9397
4460	9398
2629	9399
7412	9400
9033	9401
1022	9402
3898	9403
8826	9404
6526	9405
1448	9406
1211	9407
2421	9408
7992	9409
7404	9410
9674	9411
333	9412
4289	9413
4520	9414
8623	9415
1366	9416
8771	9417
5462	9418
1895	9419
812	9420
6323	9421
6119	9422
8436	9423
9182	9424
7801	9425
6391	9426
1415	9427
738	9428
1286	9429
418	9430
6176	9431
4649	9432
3743	9433
7967	9434
6851	9435
24	9436
3622	9437
9668	9438
3640	9439
8377	9440
8041	9441
8866	9442
8030	9443
732	9444
5836	9445
7137	9446
6977	9447
697	9448
9061	9449
6491	9450
9313	9451
3485	9452
5011	9453
9311	9454
7504	9455
570	9456
6951	9457
2495	9458
8694	9459
8313	9460
4015	9461
5191	9462
9693	9463
5825	9464
4554	9465
3679	9466
8666	9467
727	9468
8843	9469
6231	9470
7668	9471
4203	9472
4884	9473
3570	9474
1169	9475
780	9476
3684	9477
2208	9478
4771	9479
6570	9480
9184	9481
9244	9482
8954	9483
3232	9484
6721	9485
2867	9486
4763	9487
3494	9488
2459	9489
6474	9490
1726	9491
6095	9492
2044	9493
9796	9494
63	9495
503	9496
1696	9497
9082	9498
4556	9499
4502	9500
3271	9501
9861	9502
7372	9503
9555	9504
6772	9505
27	9506
2409	9507
6449	9508
487	9509
5572	9510
6200	9511
4934	9512
1906	9513
7543	9514
2306	9515
3048	9516
6633	9517
4347	9518
1171	9519
5624	9520
6710	9521
7976	9522
6726	9523
444	9524
6241	9525
104	9526
9129	9527
2994	9528
4860	9529
3505	9530
9305	9531
3438	9532
6094	9533
1937	9534
3872	9535
3387	9536
1766	9537
5790	9538
5999	9539
3312	9540
6894	9541
966	9542
3337	9543
5325	9544
464	9545
2108	9546
998	9547
7970	9548
2752	9549
5482	9550
4731	9551
1106	9552
9374	9553
4656	9554
9211	9555
9113	9556
8121	9557
4870	9558
9787	9559
9767	9560
6804	9561
9467	9562
6412	9563
6205	9564
5911	9565
68	9566
4765	9567
1283	9568
2535	9569
7951	9570
8814	9571
8386	9572
5724	9573
929	9574
1559	9575
5257	9576
7578	9577
1308	9578
3227	9579
7318	9580
7201	9581
5142	9582
4367	9583
2939	9584
8160	9585
1249	9586
4458	9587
5762	9588
6708	9589
6078	9590
6849	9591
59	9592
6047	9593
4418	9594
8985	9595
8089	9596
1851	9597
7197	9598
2878	9599
5027	9600
910	9601
2761	9602
7072	9603
8996	9604
9123	9605
172	9606
5979	9607
3301	9608
7233	9609
4040	9610
8487	9611
7378	9612
1103	9613
9611	9614
331	9615
2314	9616
9092	9617
9318	9618
8127	9619
9160	9620
4269	9621
3890	9622
5174	9623
127	9624
7460	9625
8796	9626
8701	9627
3502	9628
7019	9629
5478	9630
5527	9631
7436	9632
5897	9633
6230	9634
564	9635
8723	9636
956	9637
7823	9638
7818	9639
7048	9640
4451	9641
2995	9642
850	9643
6034	9644
2277	9645
5823	9646
8271	9647
6190	9648
1839	9649
1576	9650
8682	9651
8842	9652
6618	9653
9167	9654
4000	9655
5083	9656
3664	9657
7828	9658
1516	9659
9379	9660
9466	9661
5570	9662
1729	9663
3365	9664
8348	9665
9478	9666
2079	9667
770	9668
4774	9669
2478	9670
5416	9671
3428	9672
7090	9673
5130	9674
8040	9675
1989	9676
3760	9677
2099	9678
9053	9679
6403	9680
1362	9681
7549	9682
8145	9683
6276	9684
1192	9685
3237	9686
8606	9687
2393	9688
7369	9689
2697	9690
2911	9691
7637	9692
4285	9693
4141	9694
83	9695
4542	9696
5289	9697
199	9698
194	9699
8146	9700
4836	9701
3748	9702
2545	9703
8508	9704
6541	9705
5959	9706
4378	9707
6400	9708
1900	9709
305	9710
2554	9711
5015	9712
4825	9713
5396	9714
561	9715
8677	9716
5306	9717
4130	9718
9339	9719
2740	9720
3461	9721
3466	9722
4148	9723
6386	9724
5777	9725
7585	9726
6680	9727
3529	9728
7554	9729
412	9730
3067	9731
2370	9732
2750	9733
6456	9734
3595	9735
6543	9736
2906	9737
3281	9738
9256	9739
2538	9740
2176	9741
9369	9742
2529	9743
3838	9744
7416	9745
1584	9746
9626	9747
208	9748
6723	9749
3790	9750
3108	9751
5966	9752
3321	9753
89	9754
3754	9755
4764	9756
7179	9757
2357	9758
7037	9759
9607	9760
7423	9761
8409	9762
5969	9763
2635	9764
6097	9765
449	9766
932	9767
7777	9768
3971	9769
9797	9770
1819	9771
3479	9772
6806	9773
3755	9774
811	9775
2881	9776
1601	9777
337	9778
8537	9779
2226	9780
837	9781
8576	9782
1416	9783
706	9784
3683	9785
3234	9786
2622	9787
7506	9788
689	9789
2702	9790
5471	9791
2522	9792
7789	9793
1332	9794
3874	9795
1791	9796
9235	9797
9249	9798
6927	9799
5159	9800
9349	9801
4534	9802
7112	9803
1867	9804
9028	9805
4463	9806
3239	9807
7944	9808
4625	9809
9523	9810
8603	9811
3472	9812
4890	9813
3703	9814
3127	9815
4037	9816
1687	9817
4743	9818
626	9819
8573	9820
357	9821
3567	9822
3892	9823
6961	9824
4172	9825
7699	9826
2024	9827
7925	9828
6426	9829
7357	9830
9717	9831
1798	9832
3460	9833
1838	9834
4561	9835
3982	9836
2088	9837
7314	9838
5831	9839
8809	9840
5037	9841
5641	9842
9246	9843
971	9844
6124	9845
4042	9846
933	9847
4317	9848
1744	9849
4379	9850
8987	9851
3958	9852
5731	9853
5007	9854
8033	9855
632	9856
2727	9857
6350	9858
2502	9859
137	9860
6141	9861
5018	9862
3099	9863
8254	9864
245	9865
800	9866
9029	9867
3376	9868
9728	9869
3632	9870
6072	9871
7248	9872
5679	9873
3652	9874
3656	9875
1104	9876
541	9877
5298	9878
2069	9879
594	9880
8745	9881
5927	9882
9161	9883
3052	9884
5510	9885
48	9886
858	9887
7920	9888
264	9889
7836	9890
4981	9891
2565	9892
1659	9893
1698	9894
4989	9895
5745	9896
7298	9897
3478	9898
3204	9899
2480	9900
415	9901
4123	9902
2743	9903
5178	9904
9351	9905
94	9906
4631	9907
8536	9908
1281	9909
9620	9910
3344	9911
9386	9912
3294	9913
5490	9914
1968	9915
7049	9916
8690	9917
3205	9918
3046	9919
4499	9920
3818	9921
9088	9922
3671	9923
9355	9924
4145	9925
8654	9926
4545	9927
6826	9928
3235	9929
146	9930
1402	9931
170	9932
2578	9933
7380	9934
1298	9935
3356	9936
1436	9937
8365	9938
6695	9939
6279	9940
5494	9941
4256	9942
4284	9943
7016	9944
7761	9945
8587	9946
5043	9947
1410	9948
1411	9949
2757	9950
9298	9951
5145	9952
5651	9953
4396	9954
5297	9955
8048	9956
5155	9957
8724	9958
8279	9959
8784	9960
6346	9961
3998	9962
4876	9963
7505	9964
6537	9965
9849	9966
7030	9967
7706	9968
2104	9969
4606	9970
6184	9971
7306	9972
5172	9973
3999	9974
2882	9975
5953	9976
312	9977
3669	9978
75	9979
4193	9980
5405	9981
7124	9982
2134	9983
2229	9984
9027	9985
5280	9986
5928	9987
7855	9988
5397	9989
3436	9990
5890	9991
9635	9992
409	9993
4885	9994
1492	9995
1684	9996
7392	9997
3135	9998
1908	9999
8593	10000
